1, 993, 36, 3
2, 1432, 83, 5
3, 1849, 37, 4
4, 572, 44, 2
5, 1834, 58, 5
6, 263, 78, 10
7, 1131, 70, 6
8, 570, 51, 10
9, 1591, 63, 4
10, 4, 8, 5
11, 1219, 72, 5
12, 1518, 41, 5
13, 1182, 38, 2
14, 775, 1, 6
15, 847, 13, 4
16, 110, 16, 4
17, 398, 94, 8
18, 1420, 78, 10
19, 1930, 39, 5
20, 953, 87, 1
21, 1826, 32, 1
22, 1022, 5, 6
23, 1172, 24, 8
24, 990, 85, 5
25, 1150, 44, 7
26, 1727, 15, 1
27, 68, 35, 9
28, 821, 51, 3
29, 1595, 36, 2
30, 1908, 59, 3
31, 1180, 92, 7
32, 717, 7, 10
33, 234, 31, 10
34, 814, 15, 7
35, 1585, 27, 10
36, 63, 20, 5
37, 908, 66, 1
38, 314, 95, 3
39, 1995, 34, 2
40, 1351, 8, 1
41, 963, 88, 8
42, 1504, 64, 6
43, 1763, 90, 10
44, 1891, 98, 3
45, 1492, 44, 10
46, 528, 64, 10
47, 1147, 69, 10
48, 30, 70, 5
49, 134, 8, 6
50, 1838, 80, 2
51, 215, 58, 2
52, 766, 33, 6
53, 1603, 27, 9
54, 1914, 25, 5
55, 919, 3, 10
56, 629, 2, 6
57, 1870, 21, 2
58, 1515, 39, 8
59, 1275, 1, 7
60, 1092, 66, 4
61, 641, 81, 6
62, 1288, 51, 4
63, 673, 71, 8
64, 1223, 83, 8
65, 1206, 11, 4
66, 1087, 50, 10
67, 1973, 9, 1
68, 620, 89, 5
69, 757, 33, 4
70, 1386, 73, 7
71, 1926, 73, 1
72, 1631, 88, 7
73, 1035, 43, 8
74, 1700, 50, 3
75, 1865, 60, 1
76, 854, 93, 3
77, 753, 46, 9
78, 1657, 49, 2
79, 163, 61, 1
80, 248, 11, 6
81, 1885, 3, 1
82, 1315, 17, 4
83, 1970, 92, 6
84, 1242, 65, 8
85, 1281, 77, 6
86, 1985, 73, 7
87, 1631, 65, 3
88, 957, 66, 9
89, 1869, 9, 7
90, 1841, 7, 8
91, 719, 90, 5
92, 1422, 99, 10
93, 547, 39, 6
94, 375, 92, 6
95, 29, 57, 9
96, 620, 94, 2
97, 832, 40, 7
98, 1853, 97, 6
99, 1849, 91, 1
100, 842, 43, 5
101, 1481, 89, 4
102, 373, 84, 7
103, 21, 28, 10
104, 529, 1, 10
105, 942, 75, 7
106, 1628, 59, 7
107, 1248, 11, 2
108, 431, 31, 9
109, 1346, 39, 2
110, 398, 83, 7
111, 1454, 58, 5
112, 886, 2, 10
113, 102, 23, 3
114, 1562, 81, 9
115, 400, 46, 2
116, 1682, 90, 8
117, 524, 72, 1
118, 1727, 100, 3
119, 1493, 8, 4
120, 1611, 56, 7
121, 31, 5, 4
122, 1117, 73, 10
123, 1861, 54, 10
124, 1128, 91, 9
125, 217, 95, 5
126, 1932, 28, 8
127, 1477, 72, 7
128, 644, 33, 9
129, 1767, 49, 10
130, 1095, 34, 9
131, 1928, 86, 10
132, 1333, 16, 5
133, 834, 80, 1
134, 1259, 30, 5
135, 1351, 83, 8
136, 710, 37, 5
137, 227, 37, 9
138, 1161, 90, 1
139, 1227, 10, 8
140, 1253, 8, 2
141, 432, 65, 6
142, 164, 82, 3
143, 41, 85, 5
144, 934, 47, 2
145, 335, 45, 2
146, 1433, 93, 8
147, 329, 44, 10
148, 250, 88, 5
149, 1677, 68, 4
150, 1362, 13, 7
151, 1464, 98, 6
152, 1698, 61, 6
153, 35, 40, 2
154, 475, 62, 1
155, 884, 78, 3
156, 770, 1, 6
157, 1360, 6, 3
158, 1575, 66, 4
159, 1634, 21, 4
160, 951, 86, 2
161, 1516, 19, 2
162, 577, 47, 9
163, 1309, 94, 9
164, 1668, 71, 2
165, 486, 51, 10
166, 561, 86, 4
167, 1503, 96, 2
168, 192, 86, 7
169, 92, 21, 7
170, 440, 71, 2
171, 1589, 95, 1
172, 140, 83, 1
173, 1154, 86, 2
174, 983, 43, 5
175, 1043, 50, 6
176, 206, 82, 6
177, 37, 48, 9
178, 708, 37, 8
179, 1405, 59, 9
180, 507, 2, 10
181, 464, 49, 5
182, 1703, 52, 3
183, 409, 27, 7
184, 482, 59, 8
185, 1445, 5, 6
186, 1633, 52, 9
187, 279, 10, 8
188, 1765, 81, 9
189, 1221, 44, 10
190, 513, 55, 4
191, 1341, 19, 2
192, 1245, 12, 10
193, 82, 87, 7
194, 1212, 86, 6
195, 1197, 78, 6
196, 1017, 51, 4
197, 551, 69, 1
198, 1840, 36, 9
199, 881, 26, 5
200, 1723, 14, 6
201, 1880, 55, 3
202, 688, 64, 8
203, 1114, 26, 5
204, 538, 27, 9
205, 18, 54, 7
206, 584, 86, 5
207, 1690, 27, 1
208, 1365, 100, 2
209, 1382, 20, 8
210, 1817, 34, 2
211, 732, 72, 10
212, 152, 14, 2
213, 1292, 87, 10
214, 706, 42, 2
215, 1125, 13, 9
216, 1968, 72, 1
217, 1444, 59, 4
218, 1071, 14, 3
219, 1117, 56, 7
220, 1119, 94, 5
221, 257, 26, 5
222, 1257, 73, 10
223, 718, 24, 5
224, 519, 25, 4
225, 882, 5, 3
226, 1942, 86, 6
227, 1369, 95, 5
228, 1017, 25, 6
229, 1090, 14, 9
230, 487, 55, 1
231, 1247, 10, 6
232, 1443, 45, 2
233, 1337, 29, 7
234, 837, 89, 9
235, 282, 54, 4
236, 1199, 1, 10
237, 11, 83, 2
238, 509, 64, 4
239, 1441, 60, 9
240, 911, 94, 5
241, 33, 64, 9
242, 90, 6, 9
243, 636, 51, 7
244, 1974, 31, 2
245, 1530, 10, 10
246, 1662, 95, 8
247, 1954, 33, 4
248, 1271, 21, 8
249, 112, 7, 8
250, 1238, 18, 4
251, 709, 77, 10
252, 1115, 45, 4
253, 1279, 16, 10
254, 1276, 35, 10
255, 478, 79, 8
256, 517, 69, 1
257, 1924, 59, 9
258, 1110, 86, 3
259, 119, 39, 10
260, 1620, 84, 8
261, 1932, 60, 5
262, 853, 70, 1
263, 1427, 58, 9
264, 314, 31, 7
265, 1079, 68, 1
266, 1240, 21, 3
267, 80, 2, 4
268, 1422, 55, 9
269, 769, 40, 10
270, 1384, 100, 5
271, 634, 96, 2
272, 497, 68, 6
273, 1950, 33, 2
274, 1428, 60, 7
275, 1732, 21, 1
276, 477, 49, 5
277, 1106, 59, 6
278, 12, 66, 7
279, 1899, 46, 2
280, 115, 64, 5
281, 308, 36, 4
282, 1104, 30, 4
283, 1936, 40, 1
284, 1987, 95, 5
285, 65, 72, 4
286, 440, 43, 4
287, 1091, 85, 10
288, 451, 11, 1
289, 213, 68, 8
290, 1939, 82, 9
291, 640, 38, 10
292, 1608, 30, 8
293, 431, 40, 1
294, 235, 52, 10
295, 766, 90, 6
296, 890, 26, 6
297, 1399, 65, 10
298, 161, 26, 4
299, 1839, 21, 5
300, 741, 53, 10
301, 303, 58, 8
302, 1038, 11, 2
303, 364, 6, 3
304, 1352, 2, 2
305, 895, 90, 4
306, 116, 91, 7
307, 281, 11, 7
308, 246, 56, 4
309, 1448, 76, 9
310, 1043, 69, 4
311, 953, 84, 1
312, 598, 14, 2
313, 494, 40, 7
314, 548, 61, 8
315, 971, 14, 10
316, 215, 23, 10
317, 1518, 56, 3
318, 1665, 15, 3
319, 1162, 50, 8
320, 1621, 36, 5
321, 387, 68, 7
322, 804, 53, 7
323, 1451, 51, 2
324, 1267, 28, 3
325, 823, 84, 2
326, 1916, 92, 1
327, 1363, 59, 8
328, 1285, 6, 3
329, 1991, 9, 4
330, 1758, 14, 7
331, 170, 94, 5
332, 260, 42, 10
333, 1556, 93, 3
334, 1731, 57, 2
335, 1022, 53, 1
336, 1859, 99, 8
337, 552, 44, 2
338, 72, 15, 6
339, 481, 25, 9
340, 392, 81, 4
341, 695, 51, 10
342, 542, 91, 4
343, 265, 19, 10
344, 21, 21, 1
345, 6, 14, 10
346, 1671, 15, 9
347, 133, 66, 5
348, 853, 49, 10
349, 838, 100, 10
350, 1506, 20, 7
351, 1445, 41, 3
352, 853, 34, 3
353, 1534, 1, 1
354, 304, 80, 6
355, 1361, 72, 6
356, 1163, 65, 10
357, 1425, 24, 10
358, 618, 28, 1
359, 164, 2, 8
360, 1626, 28, 2
361, 39, 83, 6
362, 1474, 36, 1
363, 1434, 2, 8
364, 609, 19, 9
365, 1945, 49, 3
366, 1273, 22, 5
367, 1196, 97, 8
368, 1404, 54, 3
369, 327, 93, 1
370, 794, 20, 5
371, 1986, 53, 9
372, 968, 80, 2
373, 867, 50, 8
374, 1011, 70, 2
375, 1234, 31, 7
376, 1898, 100, 7
377, 1519, 98, 8
378, 1291, 38, 6
379, 1497, 100, 7
380, 1454, 12, 3
381, 375, 61, 5
382, 970, 73, 2
383, 398, 20, 2
384, 687, 57, 7
385, 1782, 41, 4
386, 1302, 33, 2
387, 616, 23, 4
388, 1790, 66, 5
389, 1483, 75, 5
390, 943, 88, 2
391, 1127, 97, 9
392, 924, 92, 9
393, 327, 60, 8
394, 1576, 86, 1
395, 105, 44, 10
396, 742, 69, 8
397, 522, 69, 10
398, 279, 72, 8
399, 1100, 90, 6
400, 317, 87, 1
401, 1511, 12, 4
402, 1219, 81, 7
403, 914, 45, 7
404, 1695, 9, 5
405, 336, 80, 1
406, 1209, 97, 1
407, 1156, 21, 9
408, 1188, 23, 7
409, 1722, 84, 3
410, 1930, 50, 7
411, 1184, 81, 8
412, 1621, 68, 8
413, 714, 61, 2
414, 1906, 21, 8
415, 1642, 56, 2
416, 890, 85, 5
417, 31, 88, 10
418, 1508, 4, 1
419, 483, 43, 4
420, 473, 85, 3
421, 390, 2, 6
422, 962, 98, 9
423, 766, 56, 4
424, 1355, 86, 2
425, 1266, 40, 6
426, 1103, 41, 5
427, 1630, 93, 10
428, 939, 30, 9
429, 51, 100, 1
430, 79, 28, 3
431, 255, 41, 6
432, 605, 96, 1
433, 1714, 82, 7
434, 1930, 7, 5
435, 1949, 50, 5
436, 1415, 44, 6
437, 447, 16, 8
438, 1251, 31, 2
439, 679, 14, 8
440, 204, 80, 7
441, 1021, 71, 5
442, 1269, 18, 3
443, 1872, 69, 8
444, 767, 52, 6
445, 513, 54, 7
446, 904, 69, 2
447, 1600, 3, 2
448, 1713, 51, 1
449, 351, 6, 6
450, 840, 8, 7
451, 258, 41, 9
452, 1715, 29, 3
453, 905, 53, 4
454, 1613, 90, 9
455, 459, 62, 10
456, 42, 16, 10
457, 97, 43, 9
458, 100, 61, 6
459, 789, 92, 5
460, 677, 31, 8
461, 59, 10, 6
462, 253, 96, 2
463, 935, 4, 1
464, 1773, 15, 1
465, 516, 94, 9
466, 881, 12, 6
467, 1611, 11, 7
468, 127, 39, 7
469, 1748, 5, 10
470, 1772, 13, 8
471, 1598, 71, 7
472, 1921, 90, 3
473, 1952, 10, 1
474, 236, 11, 10
475, 297, 98, 7
476, 1608, 2, 8
477, 611, 70, 6
478, 243, 89, 9
479, 1552, 70, 10
480, 1050, 8, 7
481, 705, 43, 7
482, 453, 41, 1
483, 1855, 29, 8
484, 290, 38, 9
485, 687, 18, 9
486, 224, 71, 9
487, 624, 56, 7
488, 1936, 22, 6
489, 1176, 53, 2
490, 385, 88, 1
491, 542, 91, 8
492, 1123, 62, 1
493, 25, 13, 4
494, 168, 69, 4
495, 1783, 41, 10
496, 1513, 69, 8
497, 1618, 35, 1
498, 1359, 36, 7
499, 1734, 56, 9
500, 1973, 83, 5
501, 1746, 26, 8
502, 464, 82, 4
503, 1137, 100, 1
504, 124, 93, 3
505, 1171, 57, 6
506, 640, 73, 7
507, 634, 96, 4
508, 539, 57, 6
509, 906, 44, 2
510, 1850, 83, 10
511, 1874, 42, 5
512, 1218, 95, 2
513, 84, 52, 1
514, 1564, 32, 5
515, 872, 64, 1
516, 745, 53, 3
517, 1274, 47, 1
518, 1430, 6, 8
519, 788, 62, 5
520, 468, 31, 2
521, 1076, 78, 8
522, 178, 45, 1
523, 1056, 92, 7
524, 1018, 35, 4
525, 1258, 70, 4
526, 354, 77, 1
527, 716, 26, 5
528, 1729, 60, 6
529, 583, 43, 6
530, 834, 92, 4
531, 1359, 90, 9
532, 1533, 3, 3
533, 1515, 44, 4
534, 1766, 40, 9
535, 267, 4, 2
536, 1235, 78, 7
537, 809, 1, 8
538, 1649, 45, 4
539, 1242, 90, 9
540, 1654, 56, 3
541, 147, 46, 2
542, 896, 48, 7
543, 1656, 98, 8
544, 452, 74, 10
545, 1634, 32, 4
546, 480, 41, 10
547, 1822, 24, 4
548, 1448, 98, 3
549, 27, 31, 9
550, 486, 80, 1
551, 169, 13, 2
552, 8, 57, 10
553, 1060, 26, 4
554, 1641, 79, 2
555, 1526, 19, 6
556, 690, 71, 3
557, 931, 17, 4
558, 1825, 76, 4
559, 30, 7, 6
560, 1018, 82, 4
561, 1542, 53, 1
562, 559, 2, 2
563, 1350, 2, 6
564, 223, 71, 8
565, 1751, 6, 5
566, 950, 96, 8
567, 1700, 70, 5
568, 513, 2, 3
569, 1389, 47, 1
570, 1507, 19, 10
571, 785, 41, 10
572, 1146, 58, 6
573, 856, 14, 9
574, 1149, 69, 3
575, 1330, 85, 6
576, 25, 99, 9
577, 401, 69, 8
578, 1868, 29, 9
579, 385, 75, 9
580, 475, 31, 2
581, 1220, 19, 3
582, 369, 21, 4
583, 1704, 18, 8
584, 1426, 30, 7
585, 1988, 95, 1
586, 780, 76, 3
587, 1102, 71, 6
588, 84, 30, 6
589, 484, 87, 8
590, 788, 89, 1
591, 523, 68, 5
592, 895, 80, 10
593, 1036, 55, 2
594, 506, 99, 5
595, 1529, 80, 3
596, 1616, 6, 8
597, 1729, 75, 4
598, 1046, 77, 3
599, 1734, 60, 5
600, 1026, 58, 1
601, 1869, 46, 3
602, 1716, 73, 5
603, 387, 82, 9
604, 32, 81, 5
605, 995, 43, 3
606, 77, 54, 8
607, 444, 30, 9
608, 922, 84, 2
609, 1417, 38, 10
610, 52, 30, 1
611, 641, 88, 4
612, 713, 31, 2
613, 44, 36, 6
614, 1543, 99, 8
615, 251, 86, 10
616, 658, 84, 1
617, 1946, 18, 10
618, 661, 44, 7
619, 850, 17, 5
620, 283, 31, 1
621, 654, 61, 8
622, 79, 30, 1
623, 1362, 44, 5
624, 709, 71, 7
625, 1340, 86, 4
626, 1805, 63, 2
627, 1194, 67, 6
628, 1664, 36, 9
629, 1582, 9, 8
630, 1028, 52, 2
631, 1249, 88, 6
632, 240, 89, 6
633, 1551, 24, 7
634, 928, 38, 8
635, 954, 100, 1
636, 763, 96, 9
637, 112, 8, 6
638, 1632, 20, 7
639, 1304, 75, 1
640, 1392, 72, 3
641, 1277, 73, 9
642, 1952, 3, 1
643, 109, 17, 1
644, 898, 10, 3
645, 103, 90, 3
646, 572, 86, 7
647, 1199, 13, 10
648, 540, 73, 4
649, 558, 2, 4
650, 493, 2, 8
651, 1827, 67, 10
652, 820, 77, 9
653, 1018, 45, 5
654, 813, 9, 2
655, 1663, 35, 2
656, 694, 12, 10
657, 639, 97, 3
658, 634, 26, 1
659, 322, 72, 5
660, 717, 82, 2
661, 805, 30, 2
662, 1793, 4, 7
663, 1539, 65, 4
664, 1915, 92, 6
665, 1992, 35, 7
666, 1269, 100, 3
667, 1034, 71, 10
668, 373, 89, 4
669, 1555, 95, 6
670, 826, 23, 6
671, 1863, 5, 1
672, 1892, 30, 4
673, 1692, 36, 8
674, 1923, 80, 7
675, 1303, 26, 2
676, 1693, 15, 2
677, 630, 42, 8
678, 544, 46, 2
679, 1177, 83, 7
680, 465, 48, 1
681, 1767, 29, 2
682, 1542, 85, 6
683, 1947, 38, 3
684, 1854, 70, 4
685, 1913, 81, 9
686, 1701, 3, 5
687, 1901, 85, 2
688, 1905, 57, 7
689, 1448, 28, 3
690, 508, 32, 7
691, 1726, 21, 1
692, 1486, 64, 8
693, 951, 66, 7
694, 1639, 79, 7
695, 1608, 17, 5
696, 1313, 83, 6
697, 970, 59, 3
698, 474, 54, 4
699, 1011, 21, 4
700, 998, 44, 1
701, 329, 25, 9
702, 1975, 4, 9
703, 1615, 43, 2
704, 660, 92, 5
705, 1900, 36, 5
706, 1402, 57, 2
707, 1386, 13, 6
708, 782, 72, 1
709, 1273, 51, 1
710, 791, 12, 2
711, 95, 37, 1
712, 1028, 39, 3
713, 560, 9, 8
714, 1729, 85, 5
715, 343, 63, 3
716, 1508, 91, 7
717, 1632, 5, 7
718, 300, 31, 9
719, 759, 86, 6
720, 224, 90, 10
721, 1085, 71, 4
722, 1579, 56, 4
723, 1057, 2, 5
724, 1541, 6, 4
725, 506, 33, 8
726, 1494, 17, 1
727, 1458, 47, 4
728, 10, 63, 7
729, 1394, 88, 7
730, 1024, 5, 2
731, 961, 34, 4
732, 701, 58, 6
733, 625, 98, 6
734, 1473, 11, 1
735, 770, 8, 6
736, 233, 17, 4
737, 619, 24, 5
738, 838, 52, 1
739, 1268, 89, 5
740, 244, 14, 10
741, 1543, 22, 4
742, 1814, 100, 5
743, 662, 65, 7
744, 1384, 2, 9
745, 471, 76, 9
746, 727, 69, 7
747, 1171, 31, 3
748, 95, 49, 9
749, 1754, 54, 5
750, 1733, 32, 10
751, 1544, 7, 2
752, 319, 46, 5
753, 89, 44, 4
754, 482, 30, 9
755, 94, 44, 6
756, 36, 12, 3
757, 151, 43, 9
758, 699, 47, 3
759, 410, 86, 5
760, 345, 81, 4
761, 1042, 70, 9
762, 565, 22, 2
763, 948, 21, 1
764, 1046, 81, 1
765, 170, 83, 3
766, 647, 16, 4
767, 49, 28, 9
768, 1851, 60, 6
769, 298, 30, 7
770, 798, 78, 4
771, 396, 55, 3
772, 1493, 32, 10
773, 1108, 46, 8
774, 573, 47, 9
775, 379, 47, 7
776, 433, 61, 4
777, 1297, 88, 4
778, 874, 45, 6
779, 82, 14, 9
780, 464, 5, 3
781, 1109, 48, 7
782, 704, 11, 7
783, 1334, 11, 5
784, 1279, 3, 1
785, 1562, 8, 2
786, 35, 94, 6
787, 960, 39, 7
788, 139, 79, 5
789, 702, 44, 6
790, 532, 70, 4
791, 333, 77, 7
792, 982, 98, 2
793, 1874, 21, 8
794, 1463, 75, 2
795, 1779, 11, 8
796, 1640, 42, 6
797, 779, 87, 10
798, 902, 93, 10
799, 548, 45, 9
800, 1820, 53, 8
801, 1533, 27, 9
802, 162, 23, 5
803, 1294, 11, 7
804, 793, 25, 6
805, 1325, 1, 4
806, 1725, 99, 9
807, 795, 96, 9
808, 1786, 14, 4
809, 335, 23, 9
810, 220, 17, 1
811, 1164, 71, 4
812, 1902, 62, 4
813, 1182, 57, 2
814, 1443, 23, 9
815, 254, 97, 6
816, 1873, 46, 4
817, 1827, 30, 10
818, 1856, 84, 9
819, 1360, 80, 5
820, 1187, 43, 7
821, 1179, 9, 10
822, 1186, 75, 8
823, 560, 60, 10
824, 1707, 59, 10
825, 1679, 71, 5
826, 1207, 80, 9
827, 1155, 52, 6
828, 358, 80, 8
829, 1442, 15, 3
830, 1003, 63, 5
831, 348, 60, 4
832, 682, 48, 7
833, 1188, 4, 3
834, 1370, 4, 10
835, 1468, 71, 1
836, 719, 54, 1
837, 301, 96, 7
838, 1945, 99, 7
839, 1571, 22, 4
840, 1764, 88, 8
841, 994, 31, 9
842, 1883, 71, 1
843, 582, 52, 7
844, 442, 97, 3
845, 753, 19, 8
846, 580, 75, 7
847, 1447, 87, 4
848, 931, 68, 3
849, 461, 70, 7
850, 609, 31, 1
851, 1001, 56, 8
852, 545, 89, 5
853, 1612, 55, 3
854, 943, 84, 10
855, 695, 56, 8
856, 1252, 14, 7
857, 1101, 4, 8
858, 1731, 54, 1
859, 503, 82, 8
860, 1415, 99, 10
861, 817, 87, 3
862, 738, 56, 2
863, 693, 94, 7
864, 1446, 3, 4
865, 666, 96, 7
866, 797, 84, 7
867, 926, 59, 4
868, 307, 29, 1
869, 1959, 92, 6
870, 980, 51, 2
871, 1366, 60, 7
872, 994, 22, 1
873, 592, 59, 4
874, 952, 36, 1
875, 295, 36, 5
876, 1469, 86, 7
877, 420, 87, 7
878, 1031, 77, 1
879, 1354, 47, 9
880, 1546, 83, 8
881, 725, 13, 1
882, 876, 100, 6
883, 1564, 63, 6
884, 659, 5, 2
885, 1480, 42, 3
886, 1569, 67, 10
887, 878, 60, 7
888, 56, 75, 6
889, 1312, 34, 9
890, 810, 66, 7
891, 860, 97, 5
892, 678, 35, 10
893, 1228, 73, 8
894, 497, 24, 10
895, 1732, 50, 4
896, 1336, 39, 1
897, 1678, 57, 10
898, 838, 47, 5
899, 1684, 17, 6
900, 44, 3, 1
901, 88, 9, 2
902, 1244, 37, 3
903, 714, 24, 3
904, 1057, 27, 1
905, 1158, 83, 1
906, 516, 32, 7
907, 147, 83, 9
908, 124, 7, 4
909, 1622, 56, 5
910, 1860, 51, 7
911, 1186, 71, 5
912, 1811, 21, 3
913, 1211, 24, 6
914, 1921, 94, 4
915, 36, 82, 7
916, 1748, 85, 2
917, 776, 90, 10
918, 302, 32, 8
919, 1820, 66, 6
920, 345, 62, 4
921, 1405, 30, 10
922, 1841, 78, 8
923, 600, 8, 2
924, 869, 71, 6
925, 673, 15, 10
926, 843, 40, 2
927, 175, 8, 9
928, 736, 3, 2
929, 935, 34, 9
930, 1730, 20, 5
931, 1653, 71, 1
932, 1750, 99, 2
933, 981, 21, 8
934, 1244, 63, 4
935, 1758, 82, 10
936, 1142, 63, 6
937, 1663, 90, 7
938, 829, 83, 4
939, 1972, 30, 2
940, 1091, 44, 9
941, 1962, 23, 5
942, 515, 34, 10
943, 1432, 33, 8
944, 1139, 68, 9
945, 1926, 29, 7
946, 508, 50, 3
947, 1446, 21, 1
948, 743, 82, 6
949, 1758, 41, 4
950, 1730, 51, 8
951, 1648, 97, 10
952, 1090, 95, 9
953, 1198, 42, 2
954, 610, 32, 1
955, 78, 65, 5
956, 1597, 82, 2
957, 876, 56, 5
958, 1887, 62, 2
959, 632, 48, 6
960, 1148, 65, 10
961, 1256, 12, 5
962, 580, 4, 5
963, 778, 74, 9
964, 706, 7, 5
965, 551, 1, 5
966, 1749, 46, 1
967, 399, 58, 5
968, 1961, 71, 6
969, 1290, 37, 7
970, 86, 41, 7
971, 669, 27, 9
972, 634, 54, 8
973, 578, 25, 3
974, 429, 40, 7
975, 1103, 48, 9
976, 158, 1, 2
977, 1250, 40, 9
978, 1316, 32, 7
979, 1865, 41, 6
980, 1936, 54, 9
981, 953, 48, 3
982, 1695, 90, 1
983, 487, 26, 4
984, 1074, 24, 7
985, 1117, 72, 2
986, 1307, 30, 3
987, 583, 28, 1
988, 1223, 80, 10
989, 1312, 2, 6
990, 468, 52, 8
991, 1167, 39, 9
992, 1712, 99, 7
993, 773, 1, 8
994, 483, 74, 2
995, 1649, 26, 1
996, 972, 78, 2
997, 1468, 42, 10
998, 700, 53, 6
999, 1003, 37, 7
1000, 1858, 2, 4
1001, 1948, 51, 9
1002, 928, 88, 6
1003, 1925, 4, 9
1004, 130, 71, 3
1005, 1588, 79, 1
1006, 554, 62, 6
1007, 1974, 59, 4
1008, 1288, 41, 6
1009, 16, 95, 8
1010, 1747, 72, 7
1011, 553, 9, 3
1012, 550, 38, 5
1013, 457, 59, 8
1014, 1580, 95, 3
1015, 1351, 5, 2
1016, 1785, 70, 1
1017, 1878, 16, 7
1018, 761, 44, 4
1019, 311, 2, 4
1020, 1750, 55, 10
1021, 948, 29, 6
1022, 1707, 58, 1
1023, 1414, 28, 2
1024, 7, 48, 3
1025, 1734, 48, 9
1026, 825, 81, 1
1027, 456, 15, 10
1028, 1896, 65, 3
1029, 466, 14, 4
1030, 1505, 69, 4
1031, 1272, 63, 10
1032, 567, 53, 2
1033, 1327, 9, 4
1034, 923, 74, 8
1035, 533, 96, 6
1036, 1677, 91, 2
1037, 1665, 26, 10
1038, 1749, 50, 2
1039, 1170, 79, 9
1040, 1672, 70, 8
1041, 783, 3, 7
1042, 198, 66, 4
1043, 381, 60, 3
1044, 1618, 55, 6
1045, 1287, 99, 3
1046, 1724, 12, 5
1047, 624, 50, 4
1048, 1681, 79, 8
1049, 1886, 48, 7
1050, 1822, 60, 10
1051, 506, 73, 8
1052, 1802, 32, 6
1053, 870, 89, 5
1054, 405, 9, 9
1055, 1219, 33, 1
1056, 1491, 26, 4
1057, 1877, 59, 4
1058, 1503, 23, 10
1059, 24, 85, 6
1060, 1032, 34, 8
1061, 1508, 45, 2
1062, 653, 71, 5
1063, 1361, 2, 2
1064, 96, 67, 4
1065, 417, 59, 1
1066, 1370, 98, 5
1067, 1807, 78, 10
1068, 1642, 82, 6
1069, 1643, 53, 2
1070, 631, 38, 5
1071, 1253, 36, 10
1072, 193, 26, 5
1073, 844, 61, 9
1074, 1429, 1, 4
1075, 425, 41, 7
1076, 1821, 26, 8
1077, 675, 38, 9
1078, 1369, 36, 8
1079, 445, 3, 6
1080, 1231, 76, 6
1081, 1324, 65, 10
1082, 1785, 22, 2
1083, 633, 4, 2
1084, 1353, 84, 2
1085, 360, 70, 8
1086, 1484, 4, 8
1087, 1691, 58, 3
1088, 1854, 42, 9
1089, 292, 40, 1
1090, 672, 53, 7
1091, 141, 35, 5
1092, 495, 75, 10
1093, 275, 52, 10
1094, 998, 9, 2
1095, 1911, 15, 7
1096, 1996, 91, 4
1097, 912, 34, 2
1098, 1550, 8, 8
1099, 256, 68, 6
1100, 1759, 67, 8
1101, 718, 41, 5
1102, 541, 55, 4
1103, 784, 78, 5
1104, 512, 22, 8
1105, 771, 61, 5
1106, 1540, 60, 8
1107, 1978, 47, 2
1108, 321, 6, 7
1109, 1205, 88, 10
1110, 1356, 45, 6
1111, 1581, 48, 5
1112, 1606, 66, 3
1113, 1612, 32, 7
1114, 241, 91, 6
1115, 81, 87, 3
1116, 472, 82, 3
1117, 77, 4, 7
1118, 131, 3, 4
1119, 1568, 37, 2
1120, 1939, 88, 5
1121, 1450, 93, 1
1122, 1261, 9, 6
1123, 579, 100, 7
1124, 1275, 29, 7
1125, 292, 84, 4
1126, 1491, 84, 7
1127, 842, 28, 2
1128, 15, 25, 10
1129, 450, 56, 5
1130, 1838, 21, 8
1131, 752, 25, 6
1132, 1954, 11, 9
1133, 1190, 6, 10
1134, 1378, 62, 6
1135, 1406, 49, 9
1136, 1620, 32, 3
1137, 397, 39, 10
1138, 317, 24, 5
1139, 717, 86, 7
1140, 1419, 2, 7
1141, 1899, 79, 6
1142, 1199, 24, 9
1143, 697, 49, 6
1144, 1842, 51, 8
1145, 227, 70, 8
1146, 1523, 8, 7
1147, 852, 85, 9
1148, 669, 1, 5
1149, 1412, 28, 5
1150, 1653, 14, 4
1151, 593, 95, 10
1152, 784, 14, 4
1153, 568, 33, 3
1154, 736, 52, 4
1155, 645, 93, 8
1156, 656, 74, 2
1157, 949, 38, 2
1158, 1152, 72, 8
1159, 1423, 68, 1
1160, 413, 9, 7
1161, 1845, 85, 7
1162, 1643, 68, 4
1163, 1708, 49, 7
1164, 1064, 94, 8
1165, 1175, 45, 4
1166, 57, 91, 1
1167, 781, 7, 8
1168, 1175, 88, 2
1169, 771, 52, 9
1170, 249, 92, 6
1171, 1964, 59, 8
1172, 207, 16, 1
1173, 597, 98, 2
1174, 1216, 36, 7
1175, 656, 35, 4
1176, 1401, 78, 1
1177, 238, 77, 6
1178, 1048, 25, 7
1179, 1248, 39, 6
1180, 306, 86, 8
1181, 362, 28, 8
1182, 1169, 53, 4
1183, 1838, 44, 4
1184, 673, 91, 10
1185, 1720, 37, 6
1186, 1113, 49, 2
1187, 1719, 94, 10
1188, 1182, 83, 5
1189, 1519, 17, 3
1190, 1233, 22, 8
1191, 153, 85, 7
1192, 48, 80, 8
1193, 702, 96, 1
1194, 1718, 50, 10
1195, 1864, 74, 2
1196, 1881, 70, 6
1197, 1124, 28, 8
1198, 290, 22, 3
1199, 637, 58, 4
1200, 1379, 31, 7
1201, 647, 56, 8
1202, 1570, 78, 3
1203, 492, 8, 1
1204, 1538, 18, 1
1205, 496, 3, 3
1206, 243, 11, 5
1207, 1604, 69, 7
1208, 129, 70, 8
1209, 810, 32, 3
1210, 332, 42, 1
1211, 511, 8, 1
1212, 142, 53, 1
1213, 1882, 62, 5
1214, 865, 38, 3
1215, 794, 31, 2
1216, 961, 45, 4
1217, 1318, 95, 5
1218, 1262, 76, 2
1219, 1766, 74, 6
1220, 1033, 24, 5
1221, 1977, 73, 4
1222, 578, 24, 6
1223, 1746, 53, 7
1224, 991, 59, 10
1225, 1812, 6, 2
1226, 1358, 79, 5
1227, 1474, 62, 8
1228, 318, 27, 10
1229, 1096, 83, 10
1230, 628, 91, 4
1231, 1348, 70, 7
1232, 745, 55, 8
1233, 1297, 98, 6
1234, 1963, 10, 3
1235, 2, 48, 7
1236, 214, 93, 7
1237, 1315, 38, 7
1238, 173, 22, 5
1239, 1774, 18, 6
1240, 1967, 46, 1
1241, 460, 16, 5
1242, 1671, 16, 7
1243, 831, 82, 7
1244, 422, 73, 2
1245, 1564, 26, 1
1246, 81, 53, 8
1247, 1218, 9, 3
1248, 1260, 9, 7
1249, 1994, 86, 9
1250, 489, 66, 7
1251, 1740, 9, 1
1252, 506, 28, 7
1253, 748, 28, 8
1254, 240, 62, 3
1255, 1479, 38, 2
1256, 1145, 22, 10
1257, 1989, 74, 10
1258, 329, 50, 7
1259, 151, 4, 2
1260, 1241, 91, 10
1261, 1678, 44, 10
1262, 1324, 39, 2
1263, 342, 54, 5
1264, 1399, 61, 1
1265, 170, 82, 3
1266, 967, 52, 10
1267, 242, 32, 4
1268, 1875, 26, 1
1269, 443, 2, 1
1270, 1190, 30, 5
1271, 1052, 94, 1
1272, 1168, 65, 4
1273, 923, 19, 4
1274, 1777, 81, 6
1275, 1583, 69, 1
1276, 762, 99, 7
1277, 568, 58, 7
1278, 582, 11, 10
1279, 341, 61, 7
1280, 1021, 59, 4
1281, 398, 89, 10
1282, 889, 67, 3
1283, 22, 17, 9
1284, 1914, 70, 8
1285, 263, 84, 5
1286, 296, 69, 4
1287, 930, 29, 6
1288, 1802, 16, 5
1289, 763, 85, 9
1290, 726, 76, 6
1291, 261, 60, 4
1292, 861, 20, 3
1293, 1999, 18, 2
1294, 428, 51, 2
1295, 1057, 13, 9
1296, 1953, 100, 10
1297, 106, 47, 9
1298, 1745, 73, 8
1299, 650, 97, 8
1300, 820, 63, 10
1301, 1229, 42, 7
1302, 1980, 9, 4
1303, 515, 26, 1
1304, 1426, 48, 4
1305, 295, 38, 9
1306, 1665, 80, 8
1307, 1911, 28, 3
1308, 139, 67, 6
1309, 43, 36, 4
1310, 1361, 75, 4
1311, 793, 1, 10
1312, 520, 19, 7
1313, 1229, 83, 8
1314, 900, 58, 8
1315, 775, 88, 9
1316, 1788, 36, 10
1317, 727, 58, 4
1318, 1852, 52, 3
1319, 1173, 82, 2
1320, 1713, 70, 4
1321, 813, 12, 7
1322, 651, 17, 6
1323, 921, 5, 6
1324, 171, 45, 1
1325, 1966, 61, 4
1326, 985, 35, 1
1327, 1198, 86, 2
1328, 527, 85, 1
1329, 481, 60, 8
1330, 1473, 97, 6
1331, 877, 88, 2
1332, 1421, 85, 5
1333, 489, 33, 4
1334, 177, 20, 4
1335, 903, 7, 2
1336, 1749, 63, 9
1337, 1698, 45, 3
1338, 697, 64, 5
1339, 493, 68, 1
1340, 986, 81, 8
1341, 802, 86, 1
1342, 12, 22, 5
1343, 513, 65, 7
1344, 372, 26, 1
1345, 518, 86, 9
1346, 1414, 87, 5
1347, 896, 8, 9
1348, 1151, 4, 10
1349, 1537, 26, 2
1350, 1548, 29, 7
1351, 1240, 32, 7
1352, 1833, 80, 4
1353, 356, 20, 2
1354, 355, 47, 8
1355, 1068, 63, 4
1356, 1097, 98, 2
1357, 1743, 64, 2
1358, 1562, 34, 6
1359, 913, 27, 10
1360, 1789, 4, 3
1361, 374, 48, 3
1362, 1783, 6, 10
1363, 1701, 39, 8
1364, 1659, 70, 6
1365, 1267, 76, 8
1366, 1328, 73, 8
1367, 727, 73, 6
1368, 20, 6, 8
1369, 1842, 48, 3
1370, 405, 28, 3
1371, 1564, 46, 9
1372, 1142, 37, 7
1373, 1174, 11, 8
1374, 448, 41, 7
1375, 460, 58, 2
1376, 1507, 63, 2
1377, 1011, 96, 1
1378, 1199, 41, 7
1379, 1390, 37, 1
1380, 1187, 22, 5
1381, 691, 40, 6
1382, 914, 32, 7
1383, 597, 64, 4
1384, 1021, 22, 9
1385, 1809, 76, 1
1386, 13, 89, 2
1387, 1009, 20, 4
1388, 1790, 77, 3
1389, 723, 82, 4
1390, 1416, 40, 10
1391, 420, 13, 6
1392, 353, 25, 6
1393, 1833, 68, 4
1394, 212, 33, 1
1395, 164, 20, 7
1396, 1681, 42, 4
1397, 598, 79, 1
1398, 735, 88, 2
1399, 1239, 59, 1
1400, 1741, 43, 1
1401, 1181, 13, 8
1402, 1626, 40, 7
1403, 173, 82, 4
1404, 1264, 43, 8
1405, 525, 46, 2
1406, 216, 40, 10
1407, 455, 33, 7
1408, 69, 44, 9
1409, 1666, 25, 3
1410, 248, 68, 9
1411, 719, 27, 6
1412, 790, 98, 4
1413, 1113, 5, 10
1414, 1054, 9, 9
1415, 187, 57, 1
1416, 1981, 90, 4
1417, 948, 56, 1
1418, 603, 96, 1
1419, 1916, 52, 6
1420, 938, 81, 10
1421, 1530, 52, 2
1422, 41, 47, 6
1423, 631, 22, 2
1424, 1998, 46, 2
1425, 807, 62, 7
1426, 1734, 4, 2
1427, 635, 91, 10
1428, 1425, 56, 4
1429, 118, 21, 6
1430, 718, 43, 8
1431, 597, 52, 6
1432, 1738, 17, 1
1433, 921, 73, 4
1434, 76, 16, 2
1435, 1128, 10, 10
1436, 121, 41, 10
1437, 1158, 3, 9
1438, 1983, 6, 2
1439, 1627, 81, 4
1440, 675, 25, 7
1441, 1629, 33, 6
1442, 1649, 94, 9
1443, 266, 67, 1
1444, 737, 24, 7
1445, 1667, 29, 2
1446, 1513, 8, 1
1447, 285, 46, 10
1448, 1261, 94, 3
1449, 1660, 55, 5
1450, 1203, 70, 5
1451, 645, 96, 3
1452, 1456, 24, 4
1453, 1961, 15, 8
1454, 190, 16, 7
1455, 591, 48, 4
1456, 1466, 86, 1
1457, 1724, 49, 5
1458, 632, 15, 10
1459, 149, 84, 4
1460, 1168, 15, 10
1461, 1764, 44, 4
1462, 929, 92, 4
1463, 84, 85, 7
1464, 1776, 41, 5
1465, 1961, 68, 8
1466, 124, 97, 4
1467, 1796, 63, 7
1468, 39, 17, 1
1469, 50, 36, 10
1470, 778, 47, 4
1471, 661, 69, 7
1472, 769, 97, 4
1473, 1815, 66, 3
1474, 1100, 6, 2
1475, 945, 78, 5
1476, 1521, 47, 1
1477, 1029, 2, 6
1478, 184, 82, 9
1479, 1755, 78, 8
1480, 672, 16, 10
1481, 357, 25, 4
1482, 455, 84, 3
1483, 1347, 68, 7
1484, 1424, 52, 2
1485, 1403, 55, 2
1486, 607, 8, 4
1487, 647, 19, 5
1488, 1098, 28, 10
1489, 1934, 88, 2
1490, 51, 91, 9
1491, 414, 62, 2
1492, 113, 63, 7
1493, 1300, 61, 7
1494, 114, 34, 2
1495, 652, 98, 1
1496, 811, 14, 7
1497, 425, 59, 1
1498, 707, 71, 5
1499, 1213, 44, 8
1500, 309, 68, 1
1501, 412, 67, 1
1502, 101, 95, 2
1503, 20, 99, 7
1504, 280, 91, 5
1505, 300, 88, 3
1506, 515, 97, 6
1507, 894, 89, 4
1508, 891, 88, 7
1509, 196, 2, 6
1510, 1943, 83, 7
1511, 1813, 23, 4
1512, 393, 27, 10
1513, 1880, 33, 5
1514, 1294, 75, 7
1515, 601, 25, 3
1516, 1241, 69, 6
1517, 1311, 54, 4
1518, 114, 93, 6
1519, 730, 16, 6
1520, 646, 14, 4
1521, 573, 19, 2
1522, 1836, 62, 6
1523, 299, 20, 8
1524, 138, 45, 3
1525, 785, 37, 6
1526, 1112, 57, 1
1527, 1105, 87, 6
1528, 430, 72, 4
1529, 698, 40, 4
1530, 1340, 2, 9
1531, 1114, 48, 6
1532, 1891, 3, 5
1533, 885, 69, 3
1534, 1226, 64, 3
1535, 550, 45, 8
1536, 1893, 66, 7
1537, 950, 3, 9
1538, 1426, 7, 5
1539, 1399, 56, 5
1540, 896, 15, 2
1541, 399, 74, 5
1542, 977, 75, 9
1543, 1225, 57, 3
1544, 1535, 29, 4
1545, 874, 93, 3
1546, 15, 35, 7
1547, 407, 14, 4
1548, 712, 15, 4
1549, 888, 51, 5
1550, 123, 24, 8
1551, 1791, 82, 2
1552, 1431, 90, 2
1553, 1254, 5, 8
1554, 541, 47, 1
1555, 1989, 20, 9
1556, 624, 85, 1
1557, 1633, 38, 3
1558, 339, 3, 10
1559, 1546, 16, 1
1560, 155, 17, 6
1561, 1391, 71, 10
1562, 728, 54, 7
1563, 974, 50, 5
1564, 964, 15, 7
1565, 5, 51, 1
1566, 858, 80, 4
1567, 539, 18, 2
1568, 1816, 61, 2
1569, 1519, 58, 2
1570, 997, 33, 8
1571, 310, 10, 6
1572, 1099, 79, 6
1573, 1039, 42, 6
1574, 1804, 61, 10
1575, 1265, 1, 8
1576, 1522, 9, 9
1577, 209, 98, 1
1578, 501, 4, 2
1579, 1393, 34, 3
1580, 221, 39, 5
1581, 146, 39, 2
1582, 964, 87, 7
1583, 1841, 40, 9
1584, 868, 76, 4
1585, 850, 49, 8
1586, 1818, 67, 4
1587, 62, 49, 7
1588, 1862, 54, 5
1589, 118, 83, 7
1590, 229, 53, 1
1591, 1144, 82, 7
1592, 291, 44, 3
1593, 1909, 94, 9
1594, 516, 98, 2
1595, 1798, 57, 6
1596, 122, 15, 6
1597, 773, 57, 8
1598, 1545, 33, 8
1599, 535, 50, 5
1600, 1341, 79, 6
1601, 594, 35, 6
1602, 857, 13, 8
1603, 1983, 2, 1
1604, 1436, 77, 2
1605, 1304, 11, 10
1606, 1268, 65, 8
1607, 1652, 10, 10
1608, 1696, 81, 3
1609, 1811, 84, 10
1610, 830, 9, 1
1611, 1437, 24, 6
1612, 1963, 8, 6
1613, 328, 81, 9
1614, 1864, 33, 6
1615, 1358, 8, 1
1616, 78, 93, 4
1617, 720, 1, 7
1618, 1772, 2, 4
1619, 1739, 88, 8
1620, 1925, 12, 4
1621, 1558, 91, 5
1622, 1637, 29, 5
1623, 277, 58, 1
1624, 421, 2, 3
1625, 958, 51, 3
1626, 1850, 93, 8
1627, 508, 98, 2
1628, 861, 41, 6
1629, 1245, 51, 9
1630, 808, 57, 9
1631, 1402, 35, 8
1632, 1110, 22, 7
1633, 1110, 25, 3
1634, 1520, 11, 2
1635, 621, 72, 8
1636, 811, 5, 1
1637, 402, 15, 2
1638, 824, 53, 3
1639, 600, 63, 8
1640, 1236, 38, 3
1641, 545, 39, 4
1642, 1778, 30, 6
1643, 118, 55, 7
1644, 1398, 32, 6
1645, 1975, 83, 9
1646, 1359, 17, 8
1647, 752, 96, 3
1648, 1816, 91, 4
1649, 1151, 85, 1
1650, 1512, 14, 9
1651, 1002, 11, 8
1652, 1482, 41, 4
1653, 1181, 60, 3
1654, 1084, 76, 2
1655, 46, 95, 10
1656, 777, 29, 9
1657, 1186, 100, 6
1658, 1712, 75, 10
1659, 1854, 70, 1
1660, 774, 59, 10
1661, 54, 1, 7
1662, 17, 62, 5
1663, 1541, 36, 10
1664, 1246, 1, 9
1665, 496, 68, 7
1666, 657, 9, 10
1667, 465, 58, 2
1668, 635, 54, 8
1669, 612, 35, 9
1670, 320, 94, 7
1671, 1968, 88, 8
1672, 1107, 20, 5
1673, 1625, 15, 9
1674, 695, 23, 6
1675, 184, 52, 7
1676, 1798, 13, 3
1677, 833, 67, 8
1678, 1674, 6, 8
1679, 1697, 89, 5
1680, 842, 69, 2
1681, 329, 43, 9
1682, 978, 90, 2
1683, 410, 99, 4
1684, 1575, 60, 7
1685, 1320, 36, 1
1686, 1828, 84, 6
1687, 136, 29, 3
1688, 1614, 86, 3
1689, 1554, 73, 3
1690, 800, 76, 2
1691, 1271, 82, 8
1692, 1046, 15, 6
1693, 118, 7, 2
1694, 534, 60, 4
1695, 667, 91, 9
1696, 1374, 86, 5
1697, 130, 14, 2
1698, 1768, 2, 3
1699, 1602, 77, 6
1700, 1284, 2, 5
1701, 886, 69, 7
1702, 1805, 65, 6
1703, 1135, 28, 10
1704, 1111, 11, 2
1705, 393, 56, 4
1706, 1100, 30, 2
1707, 175, 28, 6
1708, 973, 38, 5
1709, 1299, 34, 3
1710, 1631, 78, 2
1711, 1808, 51, 4
1712, 1037, 16, 1
1713, 619, 48, 4
1714, 595, 61, 7
1715, 1165, 97, 9
1716, 50, 54, 9
1717, 1561, 78, 10
1718, 152, 85, 4
1719, 641, 36, 6
1720, 749, 3, 1
1721, 1367, 65, 5
1722, 586, 18, 1
1723, 1270, 98, 5
1724, 1176, 49, 1
1725, 723, 53, 8
1726, 1757, 46, 3
1727, 1440, 67, 8
1728, 905, 12, 9
1729, 783, 64, 1
1730, 1200, 62, 3
1731, 1910, 8, 6
1732, 370, 48, 7
1733, 71, 45, 5
1734, 85, 47, 9
1735, 316, 67, 4
1736, 1488, 53, 10
1737, 313, 46, 10
1738, 140, 95, 7
1739, 303, 2, 9
1740, 114, 38, 3
1741, 1619, 97, 2
1742, 1090, 93, 7
1743, 828, 93, 10
1744, 1364, 72, 1
1745, 1182, 33, 3
1746, 474, 38, 8
1747, 1824, 92, 9
1748, 1550, 11, 10
1749, 194, 16, 4
1750, 263, 39, 5
1751, 1712, 92, 10
1752, 352, 31, 8
1753, 1567, 44, 5
1754, 190, 82, 3
1755, 1397, 98, 9
1756, 1832, 14, 8
1757, 1252, 21, 5
1758, 275, 72, 3
1759, 754, 33, 7
1760, 967, 34, 10
1761, 1459, 7, 7
1762, 1375, 50, 3
1763, 1859, 71, 7
1764, 1133, 44, 8
1765, 1228, 86, 3
1766, 937, 10, 10
1767, 945, 41, 5
1768, 426, 12, 7
1769, 496, 87, 6
1770, 1666, 53, 7
1771, 1600, 77, 5
1772, 658, 89, 6
1773, 1753, 18, 5
1774, 670, 32, 3
1775, 974, 24, 4
1776, 1905, 79, 3
1777, 1400, 73, 2
1778, 1426, 49, 1
1779, 1379, 67, 8
1780, 1549, 7, 1
1781, 1134, 74, 3
1782, 218, 70, 2
1783, 282, 61, 2
1784, 504, 49, 9
1785, 1298, 67, 6
1786, 339, 7, 6
1787, 1482, 82, 4
1788, 1405, 33, 2
1789, 1221, 5, 4
1790, 552, 41, 5
1791, 1561, 22, 6
1792, 286, 82, 10
1793, 1166, 30, 9
1794, 1403, 39, 10
1795, 1831, 43, 6
1796, 74, 92, 1
1797, 1285, 8, 10
1798, 647, 82, 7
1799, 888, 12, 7
1800, 714, 61, 3
1801, 675, 69, 2
1802, 1338, 47, 9
1803, 519, 34, 8
1804, 1668, 42, 4
1805, 1886, 64, 5
1806, 1164, 91, 10
1807, 1087, 27, 2
1808, 641, 72, 6
1809, 1489, 52, 8
1810, 210, 98, 9
1811, 955, 97, 8
1812, 1229, 52, 9
1813, 13, 34, 6
1814, 1121, 78, 5
1815, 1720, 57, 2
1816, 1533, 15, 10
1817, 1343, 25, 8
1818, 1884, 45, 7
1819, 830, 66, 3
1820, 847, 99, 4
1821, 216, 94, 10
1822, 434, 92, 8
1823, 1738, 4, 10
1824, 1443, 82, 8
1825, 1842, 29, 4
1826, 66, 65, 3
1827, 1457, 41, 7
1828, 1830, 12, 10
1829, 1641, 64, 9
1830, 1380, 44, 1
1831, 567, 25, 7
1832, 771, 39, 8
1833, 281, 55, 3
1834, 757, 12, 10
1835, 1496, 24, 9
1836, 909, 79, 4
1837, 1189, 61, 3
1838, 1377, 98, 7
1839, 538, 79, 6
1840, 1813, 41, 1
1841, 1745, 18, 9
1842, 616, 68, 4
1843, 357, 33, 6
1844, 1644, 56, 6
1845, 71, 20, 2
1846, 1847, 51, 1
1847, 157, 23, 7
1848, 532, 50, 7
1849, 1200, 24, 7
1850, 681, 81, 5
1851, 1007, 97, 2
1852, 332, 44, 5
1853, 219, 60, 5
1854, 16, 28, 2
1855, 960, 70, 5
1856, 1726, 85, 10
1857, 63, 72, 2
1858, 1560, 92, 2
1859, 925, 35, 3
1860, 96, 20, 6
1861, 1435, 36, 5
1862, 671, 68, 1
1863, 187, 55, 3
1864, 1071, 71, 9
1865, 1106, 33, 3
1866, 866, 12, 10
1867, 1553, 99, 10
1868, 1226, 80, 6
1869, 1607, 64, 4
1870, 264, 13, 3
1871, 389, 4, 3
1872, 1760, 72, 8
1873, 26, 72, 4
1874, 165, 64, 9
1875, 1222, 41, 3
1876, 1061, 27, 4
1877, 985, 7, 4
1878, 546, 12, 1
1879, 1768, 18, 5
1880, 1418, 22, 9
1881, 266, 78, 2
1882, 1145, 47, 2
1883, 897, 8, 10
1884, 791, 4, 7
1885, 262, 73, 10
1886, 885, 73, 3
1887, 1431, 72, 1
1888, 1297, 32, 7
1889, 903, 33, 10
1890, 80, 75, 5
1891, 374, 34, 6
1892, 1944, 85, 5
1893, 965, 47, 9
1894, 502, 55, 9
1895, 1344, 73, 5
1896, 1771, 65, 7
1897, 613, 63, 4
1898, 101, 6, 3
1899, 855, 70, 1
1900, 1578, 5, 7
1901, 302, 52, 5
1902, 1094, 98, 5
1903, 1560, 17, 10
1904, 1336, 45, 10
1905, 1777, 11, 3
1906, 408, 47, 9
1907, 454, 74, 9
1908, 965, 12, 2
1909, 407, 1, 2
1910, 204, 74, 1
1911, 506, 27, 9
1912, 97, 69, 8
1913, 1984, 91, 2
1914, 295, 6, 4
1915, 509, 93, 5
1916, 1838, 48, 5
1917, 327, 63, 4
1918, 51, 26, 10
1919, 1072, 13, 1
1920, 1579, 58, 4
1921, 1819, 92, 10
1922, 1596, 82, 4
1923, 110, 45, 4
1924, 1127, 63, 8
1925, 1425, 41, 2
1926, 1769, 89, 8
1927, 899, 87, 1
1928, 1765, 22, 6
1929, 1138, 82, 7
1930, 1821, 60, 4
1931, 107, 43, 6
1932, 1841, 21, 2
1933, 43, 29, 6
1934, 1416, 98, 7
1935, 92, 21, 10
1936, 1053, 35, 4
1937, 1168, 39, 1
1938, 1424, 92, 7
1939, 143, 16, 10
1940, 1395, 26, 2
1941, 1655, 5, 2
1942, 280, 74, 1
1943, 365, 96, 3
1944, 1971, 66, 9
1945, 1000, 100, 7
1946, 711, 56, 5
1947, 1115, 59, 2
1948, 194, 78, 5
1949, 73, 44, 2
1950, 627, 92, 8
1951, 870, 59, 2
1952, 846, 91, 4
1953, 405, 57, 10
1954, 684, 68, 6
1955, 1454, 19, 10
1956, 295, 11, 2
1957, 904, 93, 4
1958, 1697, 20, 4
1959, 559, 18, 7
1960, 553, 54, 2
1961, 733, 16, 2
1962, 1040, 18, 2
1963, 709, 83, 10
1964, 521, 91, 2
1965, 648, 93, 10
1966, 392, 38, 6
1967, 787, 53, 4
1968, 51, 23, 1
1969, 825, 98, 4
1970, 414, 37, 4
1971, 1379, 87, 8
1972, 1073, 10, 4
1973, 831, 54, 3
1974, 927, 93, 8
1975, 581, 55, 9
1976, 1895, 78, 1
1977, 516, 83, 1
1978, 278, 31, 2
1979, 1321, 20, 2
1980, 516, 95, 10
1981, 1903, 20, 5
1982, 747, 5, 4
1983, 635, 49, 1
1984, 1008, 92, 10
1985, 1472, 4, 6
1986, 1606, 46, 4
1987, 1112, 31, 10
1988, 1728, 41, 5
1989, 673, 99, 3
1990, 848, 11, 1
1991, 1770, 2, 3
1992, 685, 97, 1
1993, 909, 67, 2
1994, 1448, 63, 9
1995, 740, 52, 7
1996, 90, 48, 3
1997, 1109, 72, 4
1998, 1527, 85, 5
1999, 1551, 15, 5
2000, 118, 28, 2
2001, 359, 89, 6
2002, 1342, 26, 4
2003, 1181, 75, 5
2004, 943, 31, 8
2005, 802, 9, 10
2006, 485, 98, 3
2007, 721, 46, 5
2008, 567, 71, 2
2009, 919, 5, 1
2010, 847, 23, 8
2011, 728, 72, 4
2012, 635, 93, 7
2013, 83, 88, 9
2014, 1890, 93, 2
2015, 23, 68, 8
2016, 1013, 21, 6
2017, 1350, 76, 7
2018, 976, 56, 3
2019, 1927, 45, 3
2020, 1646, 56, 5
2021, 1954, 13, 3
2022, 1264, 64, 5
2023, 917, 50, 7
2024, 1653, 71, 1
2025, 305, 84, 7
2026, 992, 92, 4
2027, 1714, 80, 2
2028, 388, 12, 6
2029, 1344, 75, 7
2030, 177, 71, 3
2031, 1102, 53, 5
2032, 863, 57, 5
2033, 965, 67, 6
2034, 562, 73, 9
2035, 1528, 64, 8
2036, 712, 8, 3
2037, 1187, 8, 3
2038, 236, 37, 9
2039, 1669, 10, 4
2040, 651, 57, 4
2041, 241, 70, 6
2042, 769, 73, 7
2043, 1814, 47, 2
2044, 606, 23, 10
2045, 951, 44, 3
2046, 854, 82, 4
2047, 1941, 98, 4
2048, 1694, 75, 10
2049, 138, 35, 3
2050, 643, 27, 10
2051, 1439, 30, 4
2052, 205, 79, 3
2053, 1801, 77, 5
2054, 1767, 19, 10
2055, 1650, 31, 3
2056, 530, 67, 5
2057, 1996, 24, 5
2058, 1034, 89, 4
2059, 1156, 85, 1
2060, 1107, 68, 1
2061, 1529, 35, 3
2062, 343, 44, 5
2063, 66, 71, 7
2064, 786, 86, 1
2065, 1729, 65, 1
2066, 1604, 67, 4
2067, 143, 11, 6
2068, 1490, 30, 5
2069, 418, 37, 10
2070, 632, 93, 8
2071, 1470, 83, 10
2072, 760, 87, 7
2073, 1695, 46, 4
2074, 244, 45, 1
2075, 68, 24, 10
2076, 815, 39, 3
2077, 480, 92, 3
2078, 339, 12, 4
2079, 1994, 73, 7
2080, 1097, 17, 10
2081, 671, 30, 2
2082, 334, 96, 9
2083, 158, 40, 3
2084, 466, 64, 1
2085, 1358, 47, 7
2086, 1322, 31, 7
2087, 218, 78, 5
2088, 1284, 16, 8
2089, 1688, 57, 1
2090, 1922, 54, 2
2091, 1557, 73, 3
2092, 566, 92, 4
2093, 1669, 58, 4
2094, 1261, 23, 2
2095, 226, 55, 3
2096, 1620, 48, 2
2097, 1280, 75, 9
2098, 1855, 62, 4
2099, 1898, 33, 9
2100, 1311, 88, 10
2101, 295, 61, 10
2102, 69, 17, 4
2103, 1129, 22, 4
2104, 724, 90, 3
2105, 1249, 41, 3
2106, 713, 64, 8
2107, 1308, 73, 9
2108, 574, 69, 2
2109, 1544, 26, 10
2110, 83, 26, 10
2111, 1468, 55, 2
2112, 941, 31, 3
2113, 186, 58, 8
2114, 1446, 58, 9
2115, 801, 36, 2
2116, 617, 48, 9
2117, 1581, 76, 4
2118, 1427, 1, 7
2119, 932, 59, 3
2120, 1641, 45, 3
2121, 867, 58, 1
2122, 479, 63, 10
2123, 1877, 94, 8
2124, 1595, 84, 4
2125, 174, 38, 7
2126, 519, 70, 8
2127, 114, 23, 2
2128, 1574, 40, 4
2129, 1160, 77, 7
2130, 350, 23, 2
2131, 1205, 5, 9
2132, 625, 31, 6
2133, 1875, 76, 9
2134, 247, 74, 10
2135, 877, 12, 10
2136, 9, 66, 1
2137, 681, 70, 10
2138, 1515, 21, 7
2139, 965, 68, 6
2140, 1073, 89, 4
2141, 839, 92, 10
2142, 1433, 54, 1
2143, 1279, 91, 8
2144, 214, 53, 3
2145, 707, 100, 7
2146, 144, 40, 9
2147, 7, 54, 10
2148, 490, 35, 10
2149, 1698, 30, 4
2150, 742, 10, 4
2151, 341, 87, 10
2152, 787, 93, 7
2153, 24, 43, 6
2154, 695, 20, 1
2155, 196, 90, 2
2156, 1885, 56, 8
2157, 406, 3, 2
2158, 769, 82, 8
2159, 268, 71, 8
2160, 1328, 52, 5
2161, 1749, 3, 4
2162, 1398, 45, 6
2163, 715, 97, 6
2164, 1837, 10, 4
2165, 1994, 10, 8
2166, 1241, 87, 3
2167, 894, 20, 5
2168, 979, 52, 10
2169, 588, 100, 8
2170, 199, 65, 9
2171, 116, 66, 6
2172, 821, 8, 7
2173, 228, 12, 3
2174, 491, 53, 10
2175, 1118, 45, 3
2176, 615, 68, 10
2177, 1208, 76, 8
2178, 1464, 3, 8
2179, 688, 5, 6
2180, 915, 4, 3
2181, 1083, 85, 4
2182, 1201, 50, 2
2183, 1954, 5, 8
2184, 1307, 88, 10
2185, 1822, 32, 3
2186, 401, 2, 5
2187, 55, 64, 10
2188, 855, 89, 10
2189, 317, 13, 8
2190, 1883, 2, 10
2191, 1073, 6, 6
2192, 104, 24, 3
2193, 1430, 51, 9
2194, 693, 78, 2
2195, 2, 84, 1
2196, 102, 46, 7
2197, 1559, 58, 2
2198, 324, 33, 1
2199, 265, 69, 1
2200, 1065, 2, 10
2201, 1519, 79, 1
2202, 7, 73, 1
2203, 1997, 79, 4
2204, 1173, 12, 2
2205, 1525, 45, 2
2206, 544, 81, 3
2207, 1020, 36, 2
2208, 1354, 40, 4
2209, 1338, 15, 3
2210, 875, 48, 1
2211, 1886, 28, 1
2212, 1557, 42, 5
2213, 249, 19, 1
2214, 1077, 12, 5
2215, 1901, 91, 6
2216, 1141, 22, 1
2217, 351, 29, 5
2218, 1425, 72, 10
2219, 416, 48, 2
2220, 1198, 76, 3
2221, 1020, 9, 3
2222, 48, 35, 2
2223, 1728, 37, 7
2224, 1566, 47, 10
2225, 1321, 13, 5
2226, 4, 72, 1
2227, 967, 63, 4
2228, 977, 41, 5
2229, 819, 8, 3
2230, 1187, 2, 7
2231, 30, 50, 6
2232, 494, 76, 9
2233, 1391, 12, 6
2234, 1935, 94, 10
2235, 273, 63, 8
2236, 1920, 4, 3
2237, 1752, 31, 7
2238, 750, 6, 2
2239, 1857, 48, 6
2240, 1894, 70, 7
2241, 1965, 13, 5
2242, 1800, 67, 6
2243, 1440, 35, 2
2244, 383, 83, 9
2245, 45, 70, 8
2246, 1786, 29, 2
2247, 1592, 84, 9
2248, 1831, 76, 4
2249, 38, 85, 5
2250, 1443, 86, 5
2251, 1400, 63, 5
2252, 371, 88, 7
2253, 1605, 46, 2
2254, 1157, 90, 5
2255, 314, 70, 2
2256, 678, 94, 5
2257, 1579, 28, 10
2258, 873, 9, 1
2259, 755, 42, 3
2260, 1293, 23, 1
2261, 1742, 70, 9
2262, 435, 70, 8
2263, 663, 77, 7
2264, 1202, 58, 6
2265, 1249, 16, 8
2266, 537, 93, 5
2267, 1702, 76, 10
2268, 658, 61, 4
2269, 1030, 28, 1
2270, 397, 96, 9
2271, 524, 98, 7
2272, 1636, 43, 10
2273, 1125, 28, 4
2274, 537, 18, 5
2275, 1596, 65, 1
2276, 1758, 53, 3
2277, 1163, 5, 10
2278, 1976, 94, 2
2279, 666, 19, 2
2280, 1706, 83, 6
2281, 86, 32, 2
2282, 1531, 25, 9
2283, 200, 8, 9
2284, 1651, 19, 3
2285, 1716, 27, 6
2286, 908, 64, 5
2287, 1050, 26, 1
2288, 1584, 63, 10
2289, 877, 20, 1
2290, 1143, 66, 5
2291, 1672, 84, 5
2292, 1704, 83, 9
2293, 839, 88, 7
2294, 460, 72, 4
2295, 1464, 44, 6
2296, 1457, 66, 2
2297, 447, 19, 3
2298, 625, 39, 5
2299, 565, 63, 5
2300, 1648, 77, 7
2301, 962, 24, 10
2302, 1062, 14, 9
2303, 739, 50, 9
2304, 1537, 71, 2
2305, 1409, 21, 4
2306, 46, 3, 2
2307, 1482, 35, 8
2308, 560, 19, 10
2309, 1667, 100, 8
2310, 736, 8, 9
2311, 608, 88, 3
2312, 191, 94, 5
2313, 1496, 84, 7
2314, 911, 59, 6
2315, 590, 15, 5
2316, 138, 43, 4
2317, 738, 2, 6
2318, 176, 95, 9
2319, 419, 100, 6
2320, 296, 46, 10
2321, 1797, 78, 10
2322, 1975, 58, 9
2323, 395, 43, 4
2324, 1404, 37, 9
2325, 200, 96, 2
2326, 1843, 40, 3
2327, 172, 31, 2
2328, 1406, 23, 6
2329, 315, 72, 3
2330, 1655, 43, 2
2331, 1140, 73, 7
2332, 1295, 76, 9
2333, 115, 82, 1
2334, 660, 39, 5
2335, 127, 97, 1
2336, 1077, 100, 2
2337, 330, 77, 4
2338, 1025, 1, 2
2339, 146, 59, 7
2340, 1121, 89, 6
2341, 1476, 27, 10
2342, 41, 93, 1
2343, 1044, 88, 8
2344, 1907, 33, 9
2345, 454, 16, 10
2346, 801, 70, 2
2347, 744, 15, 2
2348, 996, 16, 6
2349, 944, 99, 9
2350, 918, 91, 4
2351, 1148, 86, 7
2352, 733, 66, 2
2353, 1454, 25, 2
2354, 1409, 87, 9
2355, 320, 87, 7
2356, 563, 38, 6
2357, 546, 25, 8
2358, 1761, 31, 8
2359, 585, 8, 8
2360, 1016, 97, 8
2361, 1590, 98, 6
2362, 1730, 1, 10
2363, 1513, 47, 7
2364, 1818, 76, 8
2365, 914, 67, 4
2366, 1331, 78, 6
2367, 718, 53, 2
2368, 1248, 38, 1
2369, 1835, 88, 8
2370, 906, 51, 2
2371, 331, 48, 2
2372, 1079, 77, 5
2373, 440, 56, 10
2374, 1, 46, 2
2375, 658, 70, 1
2376, 700, 22, 5
2377, 87, 61, 9
2378, 812, 46, 5
2379, 1381, 24, 2
2380, 67, 76, 5
2381, 381, 46, 8
2382, 222, 99, 10
2383, 1428, 67, 7
2384, 249, 4, 10
2385, 618, 45, 6
2386, 291, 99, 4
2387, 180, 8, 3
2388, 1499, 9, 9
2389, 970, 9, 10
2390, 156, 43, 5
2391, 488, 41, 4
2392, 1707, 47, 1
2393, 197, 35, 6
2394, 111, 20, 1
2395, 1953, 44, 10
2396, 1680, 84, 4
2397, 746, 1, 2
2398, 1931, 77, 6
2399, 604, 23, 8
2400, 1609, 56, 1
2401, 1184, 80, 1
2402, 1283, 58, 9
2403, 570, 59, 6
2404, 659, 93, 2
2405, 1294, 18, 2
2406, 1500, 14, 1
2407, 56, 10, 8
2408, 443, 19, 8
2409, 191, 93, 8
2410, 1467, 8, 8
2411, 1728, 15, 4
2412, 1953, 28, 8
2413, 658, 25, 5
2414, 1893, 93, 2
2415, 1695, 99, 4
2416, 1170, 61, 4
2417, 1097, 87, 7
2418, 851, 98, 1
2419, 879, 49, 10
2420, 1027, 43, 1
2421, 1606, 66, 10
2422, 1948, 91, 3
2423, 966, 91, 3
2424, 1757, 13, 3
2425, 1944, 74, 7
2426, 1795, 22, 7
2427, 1175, 51, 3
2428, 1885, 69, 9
2429, 627, 91, 8
2430, 666, 84, 1
2431, 58, 52, 4
2432, 316, 68, 2
2433, 1237, 32, 10
2434, 1135, 93, 6
2435, 395, 36, 6
2436, 1496, 98, 2
2437, 170, 89, 4
2438, 731, 59, 5
2439, 879, 30, 7
2440, 1805, 32, 8
2441, 113, 74, 8
2442, 1255, 2, 1
2443, 1107, 2, 7
2444, 1933, 18, 2
2445, 323, 65, 6
2446, 1304, 80, 4
2447, 856, 25, 3
2448, 1920, 8, 8
2449, 166, 86, 6
2450, 1390, 7, 10
2451, 604, 3, 9
2452, 224, 31, 10
2453, 617, 74, 1
2454, 1471, 93, 1
2455, 1557, 89, 6
2456, 372, 49, 3
2457, 1803, 83, 3
2458, 362, 85, 4
2459, 1080, 45, 9
2460, 1610, 43, 3
2461, 1525, 85, 4
2462, 1617, 64, 3
2463, 704, 62, 5
2464, 1670, 13, 4
2465, 449, 73, 1
2466, 1272, 26, 8
2467, 1744, 33, 2
2468, 1154, 42, 6
2469, 309, 74, 9
2470, 322, 99, 1
2471, 1824, 71, 9
2472, 1333, 73, 3
2473, 759, 93, 4
2474, 208, 51, 6
2475, 860, 76, 4
2476, 1585, 72, 3
2477, 1759, 89, 5
2478, 847, 84, 4
2479, 588, 5, 2
2480, 1487, 72, 2
2481, 649, 39, 2
2482, 850, 74, 5
2483, 928, 60, 5
2484, 1847, 44, 9
2485, 202, 37, 10
2486, 61, 19, 1
2487, 1448, 68, 2
2488, 1358, 59, 10
2489, 1959, 75, 10
2490, 1029, 45, 9
2491, 1990, 26, 10
2492, 1535, 13, 7
2493, 788, 19, 1
2494, 915, 91, 7
2495, 940, 73, 8
2496, 1557, 45, 5
2497, 1945, 74, 2
2498, 543, 17, 8
2499, 1075, 82, 8
2500, 531, 44, 3
2501, 1018, 48, 7
2502, 1216, 8, 4
2503, 1494, 38, 5
2504, 252, 47, 9
2505, 1577, 54, 9
2506, 168, 80, 9
2507, 1969, 73, 4
2508, 606, 42, 10
2509, 1981, 25, 8
2510, 968, 39, 9
2511, 1952, 35, 3
2512, 862, 47, 8
2513, 211, 35, 1
2514, 1084, 14, 8
2515, 1627, 38, 4
2516, 1459, 58, 8
2517, 509, 100, 7
2518, 23, 86, 9
2519, 1375, 19, 3
2520, 272, 94, 5
2521, 1096, 54, 10
2522, 1108, 49, 4
2523, 128, 27, 8
2524, 1828, 13, 7
2525, 292, 61, 3
2526, 1252, 41, 5
2527, 1966, 70, 2
2528, 1601, 75, 9
2529, 1897, 83, 6
2530, 118, 62, 6
2531, 1283, 28, 6
2532, 803, 2, 9
2533, 1380, 61, 3
2534, 980, 40, 8
2535, 1209, 43, 2
2536, 293, 70, 2
2537, 1350, 14, 5
2538, 116, 68, 5
2539, 962, 45, 7
2540, 1183, 13, 3
2541, 929, 89, 7
2542, 1390, 27, 10
2543, 823, 58, 2
2544, 1563, 12, 5
2545, 488, 77, 4
2546, 1459, 96, 4
2547, 51, 99, 1
2548, 437, 36, 4
2549, 338, 45, 3
2550, 329, 39, 1
2551, 1111, 39, 9
2552, 500, 37, 4
2553, 418, 69, 6
2554, 1206, 25, 4
2555, 1510, 23, 7
2556, 53, 71, 4
2557, 1911, 10, 9
2558, 1115, 78, 1
2559, 1737, 57, 7
2560, 30, 45, 4
2561, 1448, 85, 10
2562, 439, 76, 5
2563, 954, 33, 8
2564, 1480, 29, 8
2565, 655, 57, 6
2566, 854, 37, 1
2567, 1322, 54, 10
2568, 1640, 54, 4
2569, 306, 70, 10
2570, 795, 82, 10
2571, 1162, 43, 9
2572, 775, 20, 4
2573, 1844, 86, 9
2574, 778, 9, 4
2575, 810, 22, 9
2576, 1230, 51, 1
2577, 901, 75, 4
2578, 1669, 3, 7
2579, 1555, 64, 8
2580, 858, 9, 5
2581, 1041, 31, 5
2582, 1383, 48, 3
2583, 7, 96, 2
2584, 614, 12, 6
2585, 1826, 30, 7
2586, 1121, 81, 9
2587, 1344, 79, 9
2588, 1723, 59, 4
2589, 91, 33, 6
2590, 306, 11, 5
2591, 419, 31, 5
2592, 28, 53, 5
2593, 824, 35, 7
2594, 1097, 6, 3
2595, 1213, 74, 8
2596, 1427, 88, 7
2597, 1116, 82, 1
2598, 64, 64, 1
2599, 510, 78, 9
2600, 1895, 16, 3
2601, 361, 91, 9
2602, 23, 100, 8
2603, 482, 18, 7
2604, 18, 82, 3
2605, 1805, 92, 9
2606, 619, 58, 2
2607, 1311, 55, 3
2608, 877, 84, 9
2609, 151, 89, 3
2610, 394, 74, 1
2611, 93, 58, 10
2612, 945, 28, 3
2613, 150, 8, 10
2614, 512, 61, 6
2615, 1829, 16, 3
2616, 1153, 88, 5
2617, 859, 98, 7
2618, 1784, 81, 5
2619, 673, 41, 8
2620, 844, 33, 2
2621, 1571, 31, 2
2622, 3, 53, 9
2623, 1420, 99, 8
2624, 276, 10, 7
2625, 920, 85, 3
2626, 1402, 27, 3
2627, 1924, 46, 10
2628, 404, 6, 9
2629, 1023, 60, 6
2630, 526, 27, 10
2631, 1780, 90, 8
2632, 499, 52, 6
2633, 1654, 49, 7
2634, 959, 40, 4
2635, 1683, 82, 9
2636, 831, 91, 4
2637, 1007, 42, 5
2638, 1455, 76, 3
2639, 1799, 11, 3
2640, 1725, 60, 2
2641, 234, 58, 10
2642, 1410, 51, 1
2643, 1995, 26, 9
2644, 649, 82, 6
2645, 1797, 94, 6
2646, 1365, 55, 2
2647, 1286, 64, 10
2648, 517, 9, 2
2649, 1672, 81, 9
2650, 137, 45, 7
2651, 1595, 63, 5
2652, 1245, 22, 5
2653, 622, 58, 2
2654, 1808, 40, 6
2655, 1683, 95, 10
2656, 1274, 66, 9
2657, 1463, 72, 4
2658, 746, 61, 4
2659, 325, 64, 7
2660, 1951, 92, 3
2661, 1183, 80, 9
2662, 784, 54, 6
2663, 1607, 94, 6
2664, 1863, 37, 7
2665, 708, 81, 10
2666, 1240, 94, 6
2667, 237, 93, 8
2668, 75, 67, 5
2669, 391, 55, 10
2670, 1948, 77, 10
2671, 131, 30, 9
2672, 1289, 32, 2
2673, 152, 33, 8
2674, 1437, 100, 10
2675, 1614, 34, 1
2676, 1498, 26, 4
2677, 779, 61, 4
2678, 1220, 53, 1
2679, 388, 43, 8
2680, 1974, 100, 4
2681, 705, 32, 4
2682, 946, 95, 5
2683, 22, 93, 7
2684, 919, 43, 4
2685, 1237, 45, 4
2686, 1335, 40, 6
2687, 377, 89, 7
2688, 1823, 49, 8
2689, 900, 89, 5
2690, 424, 44, 5
2691, 475, 36, 7
2692, 1942, 65, 6
2693, 731, 68, 9
2694, 1871, 25, 4
2695, 408, 48, 2
2696, 484, 84, 4
2697, 228, 74, 4
2698, 421, 21, 2
2699, 1862, 15, 1
2700, 1870, 25, 7
2701, 1180, 36, 6
2702, 1510, 70, 6
2703, 1451, 76, 4
2704, 1806, 61, 6
2705, 838, 85, 2
2706, 685, 92, 8
2707, 226, 18, 1
2708, 153, 86, 8
2709, 1944, 83, 3
2710, 1524, 89, 10
2711, 1502, 39, 5
2712, 225, 53, 9
2713, 1316, 80, 2
2714, 1839, 4, 6
2715, 1204, 50, 10
2716, 1667, 89, 7
2717, 1039, 21, 2
2718, 944, 22, 9
2719, 624, 37, 4
2720, 1036, 95, 3
2721, 951, 46, 4
2722, 1500, 72, 2
2723, 1991, 94, 5
2724, 234, 86, 7
2725, 561, 83, 9
2726, 577, 20, 5
2727, 855, 1, 5
2728, 1469, 86, 4
2729, 1671, 43, 10
2730, 483, 67, 10
2731, 623, 74, 3
2732, 1912, 63, 9
2733, 1500, 41, 10
2734, 222, 13, 8
2735, 84, 99, 4
2736, 355, 14, 8
2737, 1063, 13, 9
2738, 1824, 2, 10
2739, 1121, 72, 1
2740, 1171, 69, 1
2741, 344, 54, 8
2742, 99, 76, 6
2743, 1368, 44, 10
2744, 1517, 75, 2
2745, 1225, 66, 2
2746, 999, 5, 4
2747, 181, 27, 7
2748, 756, 20, 1
2749, 195, 85, 1
2750, 712, 9, 4
2751, 1054, 51, 5
2752, 697, 3, 8
2753, 602, 51, 8
2754, 646, 89, 5
2755, 60, 83, 2
2756, 180, 36, 6
2757, 1528, 60, 7
2758, 684, 39, 3
2759, 182, 48, 7
2760, 686, 45, 5
2761, 1329, 59, 3
2762, 1594, 65, 8
2763, 1148, 63, 9
2764, 555, 38, 3
2765, 87, 96, 2
2766, 1643, 86, 6
2767, 70, 41, 5
2768, 1909, 96, 9
2769, 1817, 87, 10
2770, 1019, 31, 8
2771, 667, 33, 10
2772, 251, 83, 8
2773, 1598, 3, 3
2774, 745, 91, 2
2775, 1206, 6, 4
2776, 386, 59, 9
2777, 1282, 99, 9
2778, 247, 73, 8
2779, 1332, 37, 2
2780, 1003, 9, 1
2781, 394, 15, 9
2782, 1596, 19, 7
2783, 1921, 5, 10
2784, 950, 52, 5
2785, 463, 61, 1
2786, 765, 88, 1
2787, 384, 23, 4
2788, 1312, 43, 2
2789, 438, 83, 1
2790, 288, 55, 1
2791, 1779, 56, 4
2792, 1733, 43, 2
2793, 100, 51, 9
2794, 916, 8, 4
2795, 366, 95, 4
2796, 758, 16, 5
2797, 794, 17, 2
2798, 1860, 78, 2
2799, 1042, 90, 8
2800, 403, 22, 8
2801, 358, 76, 7
2802, 1023, 49, 10
2803, 293, 55, 3
2804, 1982, 44, 3
2805, 879, 41, 2
2806, 1564, 91, 2
2807, 1461, 4, 10
2808, 1291, 87, 4
2809, 1330, 68, 3
2810, 1136, 10, 7
2811, 804, 69, 10
2812, 280, 42, 5
2813, 230, 50, 4
2814, 126, 75, 3
2815, 1490, 67, 5
2816, 1615, 33, 3
2817, 1571, 36, 9
2818, 295, 87, 9
2819, 1349, 59, 8
2820, 902, 17, 8
2821, 1715, 42, 8
2822, 1323, 19, 7
2823, 1450, 47, 5
2824, 896, 67, 6
2825, 734, 60, 4
2826, 1485, 81, 8
2827, 1767, 7, 9
2828, 1311, 86, 4
2829, 1591, 56, 2
2830, 1735, 19, 10
2831, 554, 85, 3
2832, 809, 80, 1
2833, 1023, 11, 9
2834, 1882, 43, 8
2835, 718, 62, 3
2836, 1038, 26, 1
2837, 1563, 98, 10
2838, 403, 17, 8
2839, 179, 23, 4
2840, 1376, 40, 8
2841, 1182, 80, 1
2842, 1066, 59, 8
2843, 1161, 94, 2
2844, 1522, 22, 9
2845, 178, 4, 3
2846, 1453, 49, 4
2847, 23, 70, 10
2848, 1073, 100, 4
2849, 578, 80, 7
2850, 886, 64, 2
2851, 461, 88, 2
2852, 1341, 38, 3
2853, 120, 76, 2
2854, 305, 86, 2
2855, 1282, 75, 8
2856, 378, 11, 8
2857, 349, 98, 9
2858, 1903, 67, 8
2859, 1812, 88, 4
2860, 749, 91, 7
2861, 1258, 79, 6
2862, 668, 64, 4
2863, 259, 23, 9
2864, 1149, 99, 8
2865, 490, 49, 4
2866, 1305, 21, 10
2867, 1525, 19, 5
2868, 528, 29, 2
2869, 754, 29, 1
2870, 571, 67, 6
2871, 467, 11, 7
2872, 1150, 93, 2
2873, 389, 33, 4
2874, 991, 31, 9
2875, 337, 58, 4
2876, 1387, 45, 9
2877, 1967, 53, 1
2878, 1719, 62, 5
2879, 957, 21, 1
2880, 1867, 21, 1
2881, 845, 11, 3
2882, 1927, 17, 7
2883, 283, 70, 3
2884, 58, 38, 10
2885, 1474, 34, 6
2886, 1798, 55, 9
2887, 1590, 5, 5
2888, 1992, 93, 3
2889, 1843, 53, 3
2890, 1213, 69, 7
2891, 1338, 79, 2
2892, 1470, 13, 4
2893, 1762, 41, 9
2894, 340, 1, 9
2895, 446, 48, 8
2896, 797, 69, 1
2897, 1155, 37, 7
2898, 163, 21, 4
2899, 89, 34, 8
2900, 839, 39, 2
2901, 1645, 96, 7
2902, 530, 23, 2
2903, 1334, 64, 6
2904, 871, 63, 6
2905, 1169, 73, 10
2906, 1967, 55, 10
2907, 1154, 42, 4
2908, 231, 79, 3
2909, 1593, 100, 3
2910, 1099, 20, 9
2911, 1167, 28, 2
2912, 954, 10, 7
2913, 221, 54, 5
2914, 520, 76, 1
2915, 589, 55, 9
2916, 1137, 17, 2
2917, 1833, 92, 8
2918, 1283, 78, 2
2919, 182, 76, 6
2920, 1780, 48, 1
2921, 1851, 91, 4
2922, 1789, 40, 10
2923, 132, 25, 1
2924, 1725, 30, 4
2925, 1831, 47, 1
2926, 467, 32, 5
2927, 69, 90, 10
2928, 1578, 93, 8
2929, 1897, 90, 8
2930, 138, 90, 3
2931, 670, 61, 1
2932, 1637, 8, 7
2933, 1717, 85, 4
2934, 1031, 3, 10
2935, 1058, 23, 10
2936, 96, 61, 4
2937, 469, 13, 6
2938, 33, 57, 4
2939, 1406, 23, 6
2940, 1278, 42, 7
2941, 1705, 70, 10
2942, 109, 6, 2
2943, 122, 13, 6
2944, 1932, 73, 1
2945, 1709, 89, 7
2946, 1062, 78, 7
2947, 912, 34, 6
2948, 957, 73, 2
2949, 368, 54, 1
2950, 1224, 78, 2
2951, 1792, 97, 1
2952, 1367, 86, 8
2953, 1858, 90, 1
2954, 1275, 79, 2
2955, 723, 92, 7
2956, 189, 38, 3
2957, 646, 41, 1
2958, 1568, 97, 7
2959, 1751, 26, 5
2960, 1362, 32, 2
2961, 1951, 8, 4
2962, 1781, 12, 3
2963, 1199, 28, 2
2964, 957, 30, 5
2965, 505, 83, 7
2966, 1113, 10, 10
2967, 405, 16, 9
2968, 1766, 7, 10
2969, 1914, 84, 5
2970, 1876, 32, 4
2971, 1527, 77, 6
2972, 1637, 32, 6
2973, 347, 67, 9
2974, 201, 7, 8
2975, 1900, 59, 10
2976, 376, 44, 3
2977, 893, 93, 6
2978, 1531, 14, 5
2979, 1471, 49, 1
2980, 1557, 75, 3
2981, 391, 96, 1
2982, 1551, 25, 7
2983, 1730, 70, 6
2984, 585, 43, 7
2985, 1861, 97, 6
2986, 629, 17, 1
2987, 1904, 33, 4
2988, 805, 69, 3
2989, 1004, 72, 3
2990, 1172, 89, 7
2991, 1773, 31, 7
2992, 841, 72, 10
2993, 1465, 60, 5
2994, 356, 96, 1
2995, 1707, 8, 4
2996, 458, 100, 6
2997, 1193, 39, 7
2998, 108, 76, 6
2999, 1574, 78, 9
3000, 1678, 21, 4
3001, 1707, 79, 5
3002, 56, 49, 2
3003, 256, 96, 6
3004, 1210, 51, 7
3005, 391, 80, 1
3006, 909, 22, 9
3007, 437, 9, 10
3008, 740, 28, 7
3009, 1957, 38, 3
3010, 368, 68, 8
3011, 1887, 10, 6
3012, 1889, 33, 8
3013, 674, 93, 9
3014, 1418, 71, 5
3015, 618, 31, 10
3016, 148, 91, 7
3017, 43, 57, 4
3018, 1673, 65, 3
3019, 647, 9, 6
3020, 1372, 85, 10
3021, 1675, 84, 1
3022, 1453, 39, 2
3023, 1583, 56, 5
3024, 1994, 94, 4
3025, 1539, 12, 7
3026, 1510, 93, 8
3027, 1801, 38, 7
3028, 1687, 23, 10
3029, 1305, 19, 6
3030, 891, 54, 1
3031, 1312, 89, 10
3032, 1878, 14, 7
3033, 1087, 6, 10
3034, 1875, 98, 5
3035, 805, 21, 3
3036, 287, 45, 6
3037, 767, 56, 10
3038, 904, 38, 1
3039, 822, 95, 6
3040, 272, 51, 4
3041, 1175, 64, 3
3042, 1256, 69, 2
3043, 1743, 91, 5
3044, 1621, 59, 10
3045, 1609, 16, 8
3046, 326, 12, 6
3047, 1408, 89, 9
3048, 702, 60, 10
3049, 650, 35, 5
3050, 969, 36, 6
3051, 1514, 30, 1
3052, 287, 99, 2
3053, 739, 26, 3
3054, 1445, 81, 3
3055, 839, 93, 1
3056, 1571, 18, 7
3057, 1392, 44, 5
3058, 896, 35, 9
3059, 1100, 14, 3
3060, 185, 92, 8
3061, 1017, 26, 1
3062, 835, 14, 9
3063, 325, 20, 8
3064, 496, 91, 10
3065, 1339, 19, 7
3066, 1052, 93, 7
3067, 645, 61, 4
3068, 877, 50, 6
3069, 379, 37, 8
3070, 120, 79, 8
3071, 751, 78, 1
3072, 1348, 90, 6
3073, 1852, 4, 9
3074, 1047, 83, 8
3075, 822, 93, 9
3076, 857, 81, 2
3077, 40, 92, 9
3078, 632, 96, 3
3079, 911, 89, 3
3080, 320, 27, 8
3081, 1547, 47, 9
3082, 611, 91, 6
3083, 1843, 89, 2
3084, 145, 47, 5
3085, 653, 63, 2
3086, 1846, 59, 6
3087, 1795, 55, 9
3088, 727, 90, 3
3089, 1266, 19, 1
3090, 282, 99, 4
3091, 1067, 1, 1
3092, 342, 50, 4
3093, 1150, 2, 4
3094, 98, 12, 8
3095, 1960, 46, 1
3096, 1794, 52, 7
3097, 35, 2, 7
3098, 1059, 16, 4
3099, 1480, 12, 8
3100, 689, 73, 3
3101, 518, 84, 4
3102, 183, 29, 5
3103, 125, 73, 4
3104, 987, 45, 9
3105, 402, 83, 2
3106, 1397, 77, 2
3107, 1039, 69, 1
3108, 1325, 18, 7
3109, 249, 89, 5
3110, 752, 36, 10
3111, 1294, 93, 4
3112, 519, 1, 10
3113, 680, 15, 9
3114, 767, 22, 9
3115, 1193, 66, 7
3116, 436, 77, 9
3117, 1507, 1, 2
3118, 876, 9, 8
3119, 524, 62, 5
3120, 999, 28, 9
3121, 662, 37, 2
3122, 921, 95, 2
3123, 1478, 81, 3
3124, 549, 52, 7
3125, 1690, 28, 10
3126, 643, 21, 8
3127, 1801, 31, 9
3128, 1117, 77, 10
3129, 1012, 83, 1
3130, 752, 76, 1
3131, 1038, 84, 7
3132, 1655, 54, 1
3133, 501, 46, 9
3134, 1414, 9, 7
3135, 1998, 31, 4
3136, 756, 2, 10
3137, 347, 32, 3
3138, 974, 38, 4
3139, 1090, 13, 1
3140, 427, 31, 1
3141, 319, 49, 9
3142, 1565, 90, 7
3143, 1638, 67, 9
3144, 1289, 40, 5
3145, 57, 41, 2
3146, 251, 95, 7
3147, 1575, 11, 7
3148, 367, 12, 7
3149, 129, 15, 5
3150, 275, 51, 4
3151, 74, 45, 7
3152, 746, 42, 1
3153, 705, 73, 9
3154, 740, 81, 1
3155, 498, 30, 3
3156, 599, 28, 8
3157, 418, 6, 9
3158, 731, 39, 3
3159, 331, 40, 2
3160, 1915, 50, 1
3161, 1205, 21, 6
3162, 11, 16, 3
3163, 1866, 76, 4
3164, 355, 73, 1
3165, 462, 26, 10
3166, 118, 42, 2
3167, 107, 12, 9
3168, 741, 92, 7
3169, 117, 41, 5
3170, 1833, 3, 9
3171, 1082, 43, 7
3172, 1936, 85, 1
3173, 905, 77, 3
3174, 1117, 28, 8
3175, 1468, 61, 10
3176, 1686, 45, 7
3177, 1079, 61, 6
3178, 603, 15, 5
3179, 1769, 24, 8
3180, 1488, 55, 8
3181, 689, 74, 5
3182, 907, 53, 1
3183, 1658, 17, 7
3184, 799, 63, 8
3185, 589, 31, 6
3186, 1408, 27, 6
3187, 166, 86, 5
3188, 1911, 96, 4
3189, 1685, 26, 10
3190, 535, 98, 5
3191, 263, 31, 5
3192, 3, 13, 5
3193, 615, 19, 7
3194, 86, 37, 4
3195, 1572, 25, 2
3196, 1078, 4, 3
3197, 1178, 24, 10
3198, 1919, 79, 10
3199, 1119, 87, 9
3200, 1129, 11, 4
3201, 1310, 92, 9
3202, 1779, 5, 7
3203, 147, 13, 4
3204, 1958, 14, 2
3205, 1736, 12, 1
3206, 982, 57, 3
3207, 1055, 63, 4
3208, 768, 99, 1
3209, 240, 33, 8
3210, 1187, 25, 5
3211, 1211, 15, 9
3212, 1324, 81, 3
3213, 668, 50, 7
3214, 683, 62, 10
3215, 1275, 16, 6
3216, 1463, 98, 8
3217, 1169, 76, 6
3218, 337, 86, 9
3219, 1139, 58, 8
3220, 1992, 92, 7
3221, 153, 36, 9
3222, 907, 80, 4
3223, 1081, 58, 10
3224, 1817, 11, 5
3225, 1222, 71, 8
3226, 1201, 94, 5
3227, 1635, 37, 6
3228, 1301, 65, 2
3229, 1050, 1, 4
3230, 1543, 1, 6
3231, 1122, 86, 5
3232, 1735, 5, 7
3233, 213, 89, 2
3234, 239, 98, 8
3235, 1314, 97, 8
3236, 717, 76, 2
3237, 1263, 47, 7
3238, 75, 8, 6
3239, 270, 58, 8
3240, 1271, 68, 2
3241, 1550, 84, 7
3242, 665, 80, 7
3243, 1006, 71, 2
3244, 602, 96, 1
3245, 1472, 68, 10
3246, 543, 75, 7
3247, 787, 24, 4
3248, 1576, 47, 6
3249, 274, 60, 10
3250, 323, 21, 5
3251, 599, 29, 9
3252, 502, 41, 10
3253, 382, 32, 2
3254, 1536, 71, 5
3255, 1254, 60, 5
3256, 308, 28, 8
3257, 1014, 11, 9
3258, 927, 71, 7
3259, 480, 41, 10
3260, 1770, 22, 1
3261, 443, 41, 7
3262, 341, 6, 9
3263, 1050, 34, 10
3264, 1908, 36, 8
3265, 1416, 83, 7
3266, 664, 12, 1
3267, 307, 67, 1
3268, 216, 32, 6
3269, 1561, 23, 6
3270, 1661, 78, 9
3271, 818, 59, 7
3272, 157, 59, 7
3273, 1520, 100, 7
3274, 177, 58, 6
3275, 1873, 88, 7
3276, 758, 30, 5
3277, 1837, 57, 9
3278, 285, 98, 10
3279, 423, 76, 3
3280, 1121, 18, 5
3281, 1710, 59, 9
3282, 1418, 87, 8
3283, 1217, 17, 4
3284, 1337, 60, 3
3285, 1767, 19, 1
3286, 1950, 68, 7
3287, 1378, 58, 5
3288, 1413, 53, 8
3289, 26, 1, 7
3290, 887, 43, 7
3291, 1722, 32, 9
3292, 1545, 67, 5
3293, 845, 18, 4
3294, 816, 91, 8
3295, 624, 4, 10
3296, 455, 40, 10
3297, 956, 18, 6
3298, 1257, 85, 8
3299, 1156, 98, 3
3300, 1205, 20, 7
3301, 1136, 17, 8
3302, 1569, 16, 6
3303, 560, 76, 2
3304, 1152, 11, 5
3305, 1005, 14, 4
3306, 1543, 16, 1
3307, 185, 86, 4
3308, 1585, 73, 6
3309, 1113, 65, 5
3310, 1072, 92, 7
3311, 889, 41, 9
3312, 1969, 3, 3
3313, 1549, 12, 6
3314, 737, 86, 9
3315, 268, 65, 7
3316, 929, 38, 4
3317, 441, 7, 2
3318, 690, 24, 1
3319, 110, 43, 5
3320, 1689, 16, 10
3321, 800, 65, 8
3322, 1245, 51, 10
3323, 966, 46, 9
3324, 626, 19, 1
3325, 1947, 93, 4
3326, 1670, 27, 3
3327, 955, 96, 8
3328, 1986, 75, 8
3329, 1345, 22, 2
3330, 676, 66, 6
3331, 1814, 57, 2
3332, 9, 19, 4
3333, 262, 73, 6
3334, 328, 89, 1
3335, 1677, 87, 7
3336, 1088, 54, 1
3337, 967, 92, 8
3338, 1536, 55, 5
3339, 410, 4, 1
3340, 722, 7, 7
3341, 1381, 14, 1
3342, 383, 97, 10
3343, 1483, 40, 6
3344, 989, 28, 2
3345, 1147, 97, 8
3346, 1159, 14, 8
3347, 1549, 79, 8
3348, 1969, 16, 7
3349, 1469, 63, 7
3350, 459, 42, 10
3351, 19, 41, 9
3352, 149, 50, 9
3353, 836, 76, 9
3354, 1979, 17, 9
3355, 524, 18, 10
3356, 556, 42, 1
3357, 1069, 58, 8
3358, 864, 78, 6
3359, 1048, 18, 10
3360, 1319, 61, 5
3361, 1884, 63, 7
3362, 1093, 47, 1
3363, 984, 61, 9
3364, 1118, 92, 3
3365, 485, 72, 9
3366, 267, 94, 5
3367, 1540, 43, 6
3368, 1403, 91, 4
3369, 371, 31, 7
3370, 1080, 82, 2
3371, 1784, 75, 9
3372, 1057, 89, 8
3373, 1214, 78, 8
3374, 1558, 92, 10
3375, 1979, 26, 2
3376, 803, 44, 9
3377, 1844, 37, 9
3378, 666, 92, 5
3379, 635, 10, 3
3380, 200, 33, 3
3381, 435, 38, 9
3382, 1430, 24, 9
3383, 1468, 37, 6
3384, 689, 47, 7
3385, 1323, 69, 8
3386, 1993, 23, 6
3387, 63, 83, 8
3388, 739, 28, 2
3389, 1185, 91, 6
3390, 975, 100, 9
3391, 1330, 60, 1
3392, 822, 22, 8
3393, 1756, 22, 10
3394, 1251, 79, 10
3395, 1853, 25, 10
3396, 918, 20, 7
3397, 154, 66, 1
3398, 1687, 57, 8
3399, 1973, 54, 2
3400, 153, 42, 7
3401, 874, 4, 10
3402, 1850, 98, 5
3403, 237, 49, 4
3404, 949, 85, 2
3405, 827, 94, 10
3406, 1973, 21, 9
3407, 514, 6, 4
3408, 1452, 28, 6
3409, 1595, 40, 2
3410, 1703, 90, 8
3411, 1547, 83, 9
3412, 184, 15, 3
3413, 1282, 12, 1
3414, 1186, 9, 5
3415, 659, 84, 4
3416, 400, 42, 10
3417, 1799, 6, 7
3418, 1176, 42, 8
3419, 1103, 49, 1
3420, 644, 46, 1
3421, 5, 33, 2
3422, 472, 75, 4
3423, 1466, 70, 3
3424, 1553, 43, 5
3425, 759, 45, 5
3426, 47, 94, 10
3427, 1738, 3, 8
3428, 1216, 24, 4
3429, 424, 23, 2
3430, 584, 20, 4
3431, 570, 39, 1
3432, 1955, 56, 3
3433, 1086, 58, 7
3434, 989, 70, 7
3435, 107, 78, 1
3436, 612, 24, 7
3437, 467, 41, 2
3438, 1006, 98, 6
3439, 1021, 48, 2
3440, 910, 27, 6
3441, 306, 25, 1
3442, 14, 18, 3
3443, 590, 40, 9
3444, 1495, 45, 4
3445, 1929, 24, 8
3446, 153, 100, 1
3447, 1629, 54, 4
3448, 1569, 38, 2
3449, 1931, 48, 7
3450, 746, 14, 3
3451, 758, 98, 9
3452, 917, 14, 2
3453, 1918, 77, 5
3454, 1577, 98, 6
3455, 191, 46, 7
3456, 1070, 48, 2
3457, 13, 93, 8
3458, 293, 86, 1
3459, 1229, 79, 3
3460, 1511, 25, 10
3461, 934, 19, 1
3462, 1032, 86, 8
3463, 462, 42, 9
3464, 1049, 64, 6
3465, 1396, 65, 7
3466, 1406, 28, 5
3467, 223, 33, 6
3468, 203, 50, 3
3469, 415, 84, 5
3470, 206, 69, 3
3471, 1528, 49, 7
3472, 1701, 34, 7
3473, 1506, 27, 8
3474, 1650, 60, 5
3475, 1120, 68, 1
3476, 1268, 40, 6
3477, 1460, 72, 2
3478, 1438, 54, 2
3479, 648, 67, 1
3480, 597, 90, 3
3481, 1963, 70, 5
3482, 1578, 44, 5
3483, 1538, 20, 2
3484, 1413, 20, 5
3485, 1005, 10, 3
3486, 1030, 68, 9
3487, 1534, 41, 1
3488, 515, 66, 2
3489, 10, 54, 3
3490, 902, 60, 10
3491, 701, 28, 2
3492, 1962, 38, 7
3493, 1609, 78, 7
3494, 1775, 17, 10
3495, 1756, 45, 10
3496, 448, 67, 8
3497, 547, 49, 1
3498, 1131, 48, 6
3499, 1667, 51, 5
3500, 1940, 83, 9
3501, 1644, 8, 9
3502, 276, 98, 9
3503, 818, 63, 6
3504, 930, 41, 5
3505, 1045, 39, 10
3506, 1742, 17, 8
3507, 768, 61, 2
3508, 1483, 20, 6
3509, 1532, 95, 3
3510, 1632, 36, 7
3511, 1341, 63, 8
3512, 1915, 88, 10
3513, 209, 83, 2
3514, 1287, 65, 8
3515, 87, 38, 5
3516, 1555, 40, 1
3517, 1818, 5, 5
3518, 931, 4, 7
3519, 976, 69, 5
3520, 1936, 47, 2
3521, 869, 75, 1
3522, 360, 40, 2
3523, 1843, 99, 4
3524, 1387, 44, 9
3525, 1923, 76, 10
3526, 1119, 2, 4
3527, 703, 29, 1
3528, 312, 86, 10
3529, 1126, 88, 9
3530, 244, 29, 4
3531, 1560, 55, 4
3532, 576, 61, 10
3533, 654, 65, 9
3534, 204, 32, 1
3535, 1286, 50, 6
3536, 384, 31, 5
3537, 1925, 93, 8
3538, 476, 95, 8
3539, 1596, 75, 8
3540, 1938, 54, 2
3541, 1352, 4, 5
3542, 1247, 20, 5
3543, 1404, 34, 1
3544, 1778, 88, 3
3545, 1076, 27, 10
3546, 504, 67, 1
3547, 522, 94, 8
3548, 638, 55, 4
3549, 1461, 32, 3
3550, 776, 46, 7
3551, 1016, 31, 5
3552, 943, 18, 3
3553, 877, 70, 8
3554, 1119, 80, 10
3555, 1810, 99, 6
3556, 1278, 11, 5
3557, 470, 61, 1
3558, 663, 66, 7
3559, 1664, 23, 1
3560, 190, 40, 6
3561, 1422, 47, 6
3562, 593, 67, 5
3563, 1800, 81, 3
3564, 1787, 42, 7
3565, 1633, 85, 4
3566, 662, 6, 10
3567, 284, 29, 4
3568, 33, 69, 3
3569, 1501, 54, 10
3570, 1917, 42, 7
3571, 1721, 99, 8
3572, 1136, 25, 4
3573, 74, 59, 8
3574, 160, 86, 1
3575, 380, 23, 2
3576, 744, 76, 9
3577, 1884, 98, 6
3578, 633, 29, 3
3579, 98, 26, 9
3580, 794, 14, 10
3581, 1015, 46, 8
3582, 1186, 50, 4
3583, 269, 99, 8
3584, 1214, 71, 5
3585, 1461, 18, 8
3586, 1195, 92, 2
3587, 878, 61, 3
3588, 282, 58, 8
3589, 1987, 62, 9
3590, 1937, 60, 3
3591, 1091, 30, 6
3592, 610, 28, 9
3593, 1439, 49, 3
3594, 1502, 41, 8
3595, 159, 3, 7
3596, 764, 70, 5
3597, 267, 19, 2
3598, 1307, 68, 5
3599, 1374, 12, 1
3600, 1745, 48, 1
3601, 799, 43, 7
3602, 729, 92, 3
3603, 1132, 99, 4
3604, 762, 61, 8
3605, 1702, 56, 5
3606, 735, 3, 10
3607, 1616, 70, 8
3608, 1555, 97, 2
3609, 991, 50, 3
3610, 1115, 23, 2
3611, 126, 57, 4
3612, 253, 17, 2
3613, 1881, 54, 10
3614, 533, 17, 2
3615, 1599, 30, 3
3616, 878, 6, 2
3617, 107, 77, 10
3618, 1192, 25, 6
3619, 623, 21, 5
3620, 1933, 49, 5
3621, 1089, 87, 7
3622, 587, 65, 7
3623, 982, 96, 3
3624, 166, 28, 3
3625, 135, 65, 3
3626, 9, 45, 7
3627, 536, 78, 1
3628, 167, 37, 2
3629, 370, 76, 10
3630, 1058, 87, 3
3631, 826, 59, 6
3632, 512, 74, 1
3633, 1312, 62, 5
3634, 658, 18, 5
3635, 642, 28, 8
3636, 836, 87, 2
3637, 1929, 57, 4
3638, 536, 44, 8
3639, 651, 85, 6
3640, 1879, 86, 10
3641, 585, 96, 3
3642, 1920, 99, 10
3643, 382, 32, 4
3644, 1215, 37, 9
3645, 806, 12, 10
3646, 307, 97, 2
3647, 1569, 78, 8
3648, 523, 33, 8
3649, 1191, 27, 5
3650, 1456, 68, 10
3651, 623, 19, 6
3652, 82, 38, 7
3653, 504, 56, 1
3654, 75, 27, 2
3655, 547, 59, 6
3656, 1699, 98, 2
3657, 1271, 64, 9
3658, 1451, 25, 8
3659, 206, 87, 4
3660, 1371, 10, 3
3661, 753, 63, 4
3662, 1909, 66, 8
3663, 1680, 61, 8
3664, 224, 69, 5
3665, 1475, 85, 6
3666, 136, 78, 5
3667, 225, 28, 7
3668, 564, 99, 2
3669, 1816, 19, 9
3670, 521, 9, 4
3671, 16, 41, 8
3672, 1676, 86, 1
3673, 402, 78, 5
3674, 566, 30, 10
3675, 1555, 72, 9
3676, 52, 52, 2
3677, 1641, 60, 3
3678, 1165, 12, 6
3679, 1573, 23, 2
3680, 772, 76, 4
3681, 1176, 32, 7
3682, 642, 43, 4
3683, 1330, 24, 7
3684, 1794, 5, 6
3685, 901, 93, 5
3686, 454, 7, 4
3687, 495, 84, 1
3688, 802, 36, 3
3689, 367, 95, 7
3690, 1435, 98, 1
3691, 1160, 66, 6
3692, 1218, 61, 7
3693, 1102, 77, 8
3694, 1375, 90, 4
3695, 1306, 99, 5
3696, 553, 42, 2
3697, 267, 90, 4
3698, 341, 79, 5
3699, 826, 86, 9
3700, 289, 10, 3
3701, 277, 39, 2
3702, 159, 90, 3
3703, 468, 88, 8
3704, 553, 13, 7
3705, 575, 31, 8
3706, 744, 15, 7
3707, 276, 57, 4
3708, 883, 37, 3
3709, 1462, 13, 5
3710, 708, 60, 6
3711, 103, 52, 5
3712, 1865, 85, 3
3713, 54, 68, 8
3714, 857, 15, 2
3715, 1286, 62, 5
3716, 1300, 84, 4
3717, 1011, 71, 5
3718, 442, 22, 3
3719, 107, 80, 4
3720, 1082, 47, 9
3721, 979, 66, 1
3722, 1789, 73, 7
3723, 613, 20, 1
3724, 408, 76, 10
3725, 141, 100, 5
3726, 1411, 78, 1
3727, 1962, 81, 2
3728, 1373, 1, 3
3729, 1909, 10, 3
3730, 1115, 64, 7
3731, 943, 64, 2
3732, 1010, 98, 9
3733, 1246, 44, 7
3734, 516, 38, 9
3735, 1125, 32, 8
3736, 1889, 16, 7
3737, 933, 36, 5
3738, 1326, 66, 3
3739, 42, 43, 5
3740, 1134, 97, 9
3741, 1235, 88, 5
3742, 663, 99, 8
3743, 241, 5, 6
3744, 1639, 91, 1
3745, 780, 61, 7
3746, 2000, 46, 4
3747, 289, 75, 9
3748, 1931, 11, 1
3749, 864, 68, 2
3750, 431, 83, 6
3751, 1307, 1, 5
3752, 1895, 63, 2
3753, 1261, 4, 3
3754, 647, 36, 5
3755, 382, 40, 7
3756, 1765, 16, 3
3757, 1644, 10, 3
3758, 1295, 40, 2
3759, 1181, 60, 1
3760, 1396, 74, 7
3761, 108, 34, 5
3762, 878, 84, 4
3763, 1967, 63, 9
3764, 1990, 22, 5
3765, 1938, 11, 3
3766, 232, 26, 3
3767, 528, 32, 10
3768, 1979, 24, 8
3769, 1736, 84, 7
3770, 1070, 21, 1
3771, 631, 36, 1
3772, 61, 57, 6
3773, 326, 97, 8
3774, 796, 13, 2
3775, 1410, 49, 8
3776, 1689, 95, 6
3777, 526, 46, 3
3778, 1144, 45, 9
3779, 1238, 40, 10
3780, 459, 98, 5
3781, 202, 85, 4
3782, 1407, 14, 6
3783, 1365, 77, 3
3784, 730, 45, 1
3785, 982, 89, 5
3786, 696, 68, 4
3787, 1509, 50, 7
3788, 386, 2, 6
3789, 1421, 83, 10
3790, 1647, 41, 6
3791, 1231, 79, 10
3792, 283, 72, 2
3793, 672, 14, 8
3794, 952, 1, 9
3795, 298, 97, 5
3796, 1921, 58, 1
3797, 1633, 84, 6
3798, 922, 100, 3
3799, 1860, 42, 5
3800, 110, 87, 8
3801, 1276, 16, 9
3802, 1030, 16, 1
3803, 1767, 60, 3
3804, 1587, 64, 2
3805, 462, 88, 8
3806, 557, 40, 6
3807, 1390, 75, 5
3808, 1996, 91, 2
3809, 513, 84, 4
3810, 1924, 59, 3
3811, 1186, 74, 2
3812, 587, 64, 7
3813, 241, 7, 10
3814, 1084, 67, 4
3815, 443, 25, 9
3816, 517, 15, 7
3817, 1941, 54, 7
3818, 1984, 32, 9
3819, 1599, 57, 8
3820, 34, 96, 9
3821, 1633, 57, 2
3822, 85, 26, 4
3823, 440, 77, 8
3824, 430, 33, 2
3825, 1179, 61, 5
3826, 1344, 87, 8
3827, 245, 32, 5
3828, 1551, 80, 9
3829, 664, 21, 6
3830, 1607, 58, 8
3831, 1172, 22, 2
3832, 947, 47, 6
3833, 1460, 72, 7
3834, 686, 32, 10
3835, 3, 72, 10
3836, 765, 21, 2
3837, 411, 9, 5
3838, 1449, 42, 9
3839, 825, 79, 5
3840, 936, 26, 4
3841, 1888, 83, 2
3842, 1905, 80, 5
3843, 1986, 11, 9
3844, 1723, 57, 4
3845, 1216, 32, 9
3846, 1574, 92, 7
3847, 181, 54, 7
3848, 1818, 31, 7
3849, 883, 35, 2
3850, 88, 11, 10
3851, 1101, 41, 3
3852, 732, 74, 3
3853, 791, 48, 3
3854, 1495, 94, 3
3855, 374, 70, 10
3856, 195, 91, 7
3857, 87, 22, 1
3858, 1577, 15, 6
3859, 1388, 43, 7
3860, 1236, 64, 1
3861, 1925, 76, 8
3862, 1756, 42, 2
3863, 1944, 9, 5
3864, 560, 87, 2
3865, 1138, 8, 2
3866, 1578, 1, 2
3867, 503, 75, 10
3868, 1388, 10, 9
3869, 1623, 11, 3
3870, 376, 51, 4
3871, 624, 94, 4
3872, 412, 25, 3
3873, 723, 81, 3
3874, 500, 31, 7
3875, 934, 42, 3
3876, 820, 70, 5
3877, 792, 5, 10
3878, 1190, 3, 4
3879, 1688, 82, 8
3880, 1983, 84, 9
3881, 1243, 66, 10
3882, 45, 26, 3
3883, 1691, 74, 3
3884, 1910, 52, 5
3885, 880, 95, 1
3886, 387, 77, 9
3887, 1623, 79, 10
3888, 892, 35, 6
3889, 849, 8, 2
3890, 363, 13, 7
3891, 596, 14, 3
3892, 1085, 11, 5
3893, 245, 68, 8
3894, 291, 20, 4
3895, 1063, 67, 7
3896, 1077, 94, 7
3897, 103, 69, 10
3898, 73, 87, 1
3899, 337, 96, 7
3900, 1005, 100, 5
3901, 614, 54, 7
3902, 948, 89, 4
3903, 664, 26, 3
3904, 461, 4, 5
3905, 260, 91, 9
3906, 605, 85, 6
3907, 238, 31, 9
3908, 1089, 90, 3
3909, 692, 53, 6
3910, 1692, 45, 10
3911, 1051, 21, 2
3912, 701, 74, 8
3913, 1037, 77, 2
3914, 1095, 63, 1
3915, 981, 7, 4
3916, 94, 55, 7
3917, 1574, 37, 5
3918, 381, 99, 8
3919, 346, 12, 10
3920, 81, 68, 2
3921, 1146, 20, 10
3922, 1067, 12, 6
3923, 1507, 71, 7
3924, 1861, 75, 8
3925, 1657, 26, 3
3926, 98, 33, 4
3927, 1679, 78, 5
3928, 1854, 10, 5
3929, 1232, 92, 4
3930, 1994, 21, 3
3931, 580, 10, 4
3932, 1806, 74, 7
3933, 259, 25, 9
3934, 271, 48, 5
3935, 464, 35, 3
3936, 130, 100, 1
3937, 1624, 87, 10
3938, 1957, 71, 5
3939, 1773, 99, 9
3940, 1128, 64, 6
3941, 1749, 97, 9
3942, 1143, 72, 8
3943, 1956, 95, 2
3944, 354, 72, 8
3945, 57, 7, 1
3946, 1711, 57, 6
3947, 607, 31, 5
3948, 186, 94, 4
3949, 1567, 29, 8
3950, 188, 41, 10
3951, 1458, 25, 7
3952, 1924, 100, 5
3953, 650, 14, 8
3954, 1090, 70, 4
3955, 941, 62, 6
3956, 1320, 23, 2
3957, 1296, 45, 6
3958, 988, 51, 10
3959, 19, 23, 10
3960, 1058, 56, 8
3961, 1919, 1, 2
3962, 820, 81, 10
3963, 709, 40, 9
3964, 946, 36, 5
3965, 393, 82, 1
3966, 981, 32, 2
3967, 1027, 36, 1
3968, 155, 39, 3
3969, 1586, 61, 1
3970, 1645, 69, 3
3971, 1973, 23, 3
3972, 1127, 93, 3
3973, 1284, 36, 3
3974, 294, 55, 2
3975, 531, 31, 7
3976, 19, 63, 1
3977, 334, 38, 2
3978, 569, 67, 6
3979, 418, 83, 3
3980, 1652, 62, 3
3981, 694, 31, 8
3982, 1630, 90, 8
3983, 435, 60, 7
3984, 1130, 90, 6
3985, 191, 23, 5
3986, 1170, 31, 3
3987, 1317, 54, 3
3988, 297, 2, 1
3989, 897, 48, 4
3990, 191, 51, 10
3991, 1815, 30, 3
3992, 1147, 27, 9
3993, 691, 88, 10
3994, 1385, 38, 6
3995, 1848, 91, 4
3996, 1416, 33, 8
3997, 1357, 98, 4
3998, 1931, 35, 2
3999, 471, 100, 1
4000, 894, 62, 5
