1, 218, 76, 4
2, 370, 15, 4
3, 217, 37, 9
4, 1209, 46, 2
5, 1225, 14, 4
6, 298, 74, 4
7, 1820, 71, 1
8, 292, 55, 8
9, 377, 42, 4
10, 66, 72, 5
11, 396, 57, 6
12, 75, 24, 4
13, 208, 17, 4
14, 1050, 21, 1
15, 731, 83, 3
16, 653, 100, 4
17, 1903, 43, 7
18, 1548, 84, 5
19, 665, 82, 2
20, 923, 78, 3
21, 1701, 44, 3
22, 883, 73, 5
23, 374, 88, 8
24, 1670, 48, 5
25, 135, 92, 1
26, 435, 38, 10
27, 1840, 76, 9
28, 331, 44, 6
29, 1242, 95, 4
30, 955, 32, 8
31, 334, 44, 3
32, 1020, 30, 1
33, 836, 8, 4
34, 1118, 89, 4
35, 1766, 31, 6
36, 1642, 26, 1
37, 490, 65, 6
38, 1474, 69, 2
39, 1986, 12, 7
40, 598, 51, 1
41, 173, 52, 3
42, 308, 69, 4
43, 136, 71, 3
44, 1803, 19, 6
45, 1696, 60, 2
46, 861, 59, 1
47, 317, 73, 8
48, 280, 57, 2
49, 1647, 28, 6
50,1085,18,6
51, 143, 74, 6
52, 1000, 52, 9
53, 331, 18, 8
54,  368,  77,  1
55, 730, 75, 10
56, 1608, 13, 5
57, 802, 81, 1
58, 837, 25, 5
59, 1153, 9, 3
60, 779, 79, 3
61,1305,71,5
62, 1698, 20, 6
63, 1298, 50, 7
64, 482, 66, 5
65, 1710, 100, 2
66, 1652, 9, 2
67, 429, 29, 10
68, 426, 40, 10
69, 1950, 73, 3
70, 1304, 86, 6
71, 1833, 18, 6
72, 1240, 45, 2
73, 31, 95, 3
74, 1613, 64, 6
75, 649, 7, 4
76, 595, 18, 9
77, 1328, 42, 1
78, 693, 36, 8
79, 1348, 65, 9
80, 1905, 56, 2
81, 731, 39, 10
82,  1380,  30,  2
83, 1098, 52, 4
84, 396, 87, 6
85, 607, 99, 1
86, 1954, 39, 6
87, 1776, 88, 4
88, 1311, 87, 5
89, 564, 22, 10
90, 678, 98, 5
91, 399, 37, 2
92, 257, 93, 10
93, 115, 57, 8
94, 139, 7, 2
95, 1076, 3, 6
96, 1275, 62, 8
97, 240, 47, 6
98, 793, 49, 6
99,  560,  75,  8
100, 1209, 10, 2
101, 1952, 56, 7
102, 679, 72, 7
103, 770, 95, 4
104, 895, 59, 3
105, 1569, 18, 9
106, 810, 26, 3
107, 1241, 70, 5
108, 1718, 75, 7
109, 336, 90, 4
110, 1523, 31, 1
111, 613, 41, 7
112, 1331, 79, 2
113, 1266, 78, 7
114, 801, 62, 3
115, 1873, 6, 2
116, 281, 40, 9
117, 1728, 76, 6
118, 1119, 85, 7
119, 614, 89, 4
120, 1530, 78, 6
121, 1484, 50, 3
122, 1208, 78, 1
123,  428,  6,  1
124, 1078, 80, 8
125, 862, 65, 7
126, 1606, 74, 2
127, 433, 50, 6
128, 254, 36, 1
129, 475, 83, 5
130, 1892, 27, 3
131, 1502, 77, 1
132, 1854, 32, 6
133, 45, 40, 10
134, 620, 73, 9
135, 776, 31, 7
136, 1603, 95, 9
137, 1071, 55, 6
138, 500, 74, 7
139, 530, 34, 10
140, 346, 25, 8
141, 14, 60, 8
142, 1948, 46, 2
143, 1887, 36, 5
144, 1679, 42, 4
145, 9, 46, 4
146, 1268, 29, 7
147, 1599, 37, 1
148, 1510, 80, 9
149, 1076, 50, 1
150, 1475, 43, 10
151, 1436, 26, 1
152, 890, 40, 2
153, 1996, 77, 1
154, 26, 52, 2
155, 1318, 20, 5
156, 1900, 52, 7
157, 964, 66, 2
158, 1663, 12, 1
159, 124, 75, 4
160, 1429, 8, 10
161,1574,72,3
162,  1476,  3,  8
163, 1976, 10, 9
164, 732, 55, 9
165, 74, 69, 9
166, 868, 48, 9
167, 708, 96, 2
168, 697, 8, 9
169, 161, 1, 10
170, 1772, 78, 4
171, 1418, 1, 1
172, 149, 69, 5
173, 1633, 82, 7
174, 1430, 69, 2
175, 1454, 50, 7
176, 17, 38, 4
177,  1234,  10,  9
178, 606, 87, 9
179, 1853, 44, 2
180, 1037, 85, 7
181,253,70,9
182, 1788, 84, 8
183, 996, 88, 9
184, 206, 63, 6
185, 574, 73, 2
186, 766, 61, 9
187, 1938, 83, 6
188, 1797, 24, 7
189, 739, 23, 10
190, 1718, 62, 1
191, 1611, 64, 6
192, 508, 89, 1
193, 1152, 74, 10
194, 1280, 98, 7
195, 1024, 73, 6
196, 1127, 45, 7
197, 315, 6, 9
198, 1920, 39, 9
199, 1090, 1, 3
200, 1112, 28, 7
201, 566, 49, 8
202, 1822, 1, 3
203, 1292, 76, 9
204,  261,  66,  1
205, 1924, 64, 1
206, 940, 37, 8
207, 1515, 28, 3
208, 1283, 30, 8
209, 162, 89, 3
210, 391, 54, 1
211, 1162, 75, 9
212, 1694, 71, 2
213, 660, 54, 5
214, 1295, 74, 8
215, 1936, 64, 3
216, 871, 87, 4
217, 44, 95, 8
218, 123, 7, 4
219, 605, 87, 6
220, 784, 46, 7
221, 1874, 32, 5
222, 919, 96, 1
223, 1312, 3, 8
224, 1633, 93, 9
225, 1552, 7, 4
226, 1854, 89, 1
227, 1830, 30, 9
228, 1845, 87, 4
229, 203, 55, 1
230, 1228, 69, 7
231, 1038, 73, 10
232, 1058, 41, 8
233, 1581, 66, 9
234, 962, 53, 10
235, 178, 96, 10
236, 1515, 41, 10
237, 1644, 65, 6
238, 1462, 98, 2
239, 1881, 56, 5
240, 1787, 82, 6
241, 1025, 96, 5
242, 966, 91, 10
243, 1628, 44, 9
244, 1075, 10, 4
245, 1730, 60, 7
246, 413, 68, 8
247, 829, 73, 2
248, 61, 48, 5
249, 1121, 29, 7
250, 77, 96, 8
251, 970, 24, 5
252, 1877, 20, 10
253, 1534, 75, 1
254, 1397, 40, 7
255, 1474, 42, 7
256, 1217, 12, 9
257,1664,20,9
258, 506, 90, 7
259,  309,  48,  8
260, 395, 90, 6
261, 774, 18, 2
262, 1008, 39, 9
263, 831, 35, 6
264, 827, 32, 8
265, 552, 98, 2
266,1622,14,2
267, 109, 90, 7
268, 1432, 87, 5
269, 442, 44, 6
270, 1597, 37, 7
271, 853, 40, 1
272, 927, 22, 6
273, 788, 36, 10
274, 639, 10, 6
275, 25, 14, 7
276, 1157, 19, 4
277, 1223, 69, 5
278,877,54,4
279, 1095, 69, 2
280, 153, 85, 9
281, 178, 90, 1
282, 1905, 57, 8
283, 257, 4, 4
284, 117, 18, 10
285,  363,  55,  3
286, 888, 62, 1
287,  1752,  70,  1
288, 1416, 61, 3
289, 1736, 66, 6
290, 1344, 60, 9
291, 857, 9, 6
292, 826, 24, 7
293, 646, 36, 6
294, 506, 73, 4
295, 1379, 12, 4
296, 118, 46, 8
297, 481, 99, 8
298, 1538, 58, 8
299, 366, 63, 4
300, 723, 26, 1
301, 1333, 27, 4
302, 1957, 91, 2
303, 755, 63, 7
304, 1349, 65, 8
305, 1035, 53, 9
306, 1690, 47, 8
307,  327,  37,  2
308, 1067, 30, 10
309, 76, 16, 3
310, 1976, 83, 7
311, 1556, 56, 2
312, 1112, 94, 6
313, 1203, 53, 5
314, 1949, 21, 9
315, 1268, 65, 8
316, 406, 31, 3
317, 464, 90, 1
318, 857, 29, 2
319, 295, 50, 3
320,  79,  82,  5
321, 249, 30, 1
322, 640, 35, 3
323, 1540, 73, 6
324, 575, 60, 5
325, 846, 38, 6
326, 1382, 49, 6
327, 253, 77, 1
328, 176, 40, 1
329, 1943, 65, 6
330, 445, 62, 5
331, 943, 93, 10
332, 1397, 31, 1
333, 122, 44, 9
334, 1176, 94, 1
335, 1823, 9, 10
336, 1823, 14, 10
337, 1688, 94, 9
338, 737, 63, 4
339, 790, 28, 10
340, 1386, 13, 8
341, 957, 42, 7
342, 415, 8, 8
343, 150, 80, 4
344, 1667, 57, 9
345, 1013, 93, 9
346, 863, 97, 8
347, 483, 58, 3
348, 379, 28, 5
349, 701, 77, 7
350, 615, 38, 2
351,  443,  5,  7
352, 378, 36, 4
353, 1003, 78, 1
354, 904, 11, 4
355, 586, 33, 5
356, 1460, 98, 4
357,566,52,9
358, 600, 76, 4
359, 995, 11, 1
360, 561, 69, 1
361, 1196, 66, 1
362, 1998, 65, 10
363, 1543, 87, 2
364, 1549, 45, 5
365, 1374, 89, 4
366, 858, 42, 6
367, 1820, 44, 3
368, 208, 15, 10
369, 583, 83, 5
370, 570, 63, 10
371, 380, 59, 4
372, 1788, 92, 1
373, 1208, 72, 8
374, 877, 66, 5
375, 1361, 13, 2
376, 1291, 27, 8
377, 861, 21, 10
378,1091,11,10
379, 659, 15, 7
380, 918, 18, 6
381, 258, 67, 5
382, 805, 69, 7
383, 1127, 10, 7
384, 185, 37, 3
385, 1678, 76, 9
386, 218, 18, 10
387, 1067, 36, 8
388, 1398, 92, 4
389, 729, 75, 6
390, 887, 58, 2
391, 1152, 48, 9
392, 375, 65, 10
393, 56, 7, 7
394, 476, 82, 3
395, 455, 33, 3
396, 623, 58, 6
397, 938, 83, 3
398, 1550, 51, 8
399, 351, 76, 6
400, 1005, 7, 7
401, 425, 48, 1
402, 1910, 7, 1
403, 270, 25, 3
404, 702, 73, 3
405, 300, 24, 4
406,683,17,1
407, 1404, 52, 3
408, 793, 84, 4
409, 745, 73, 5
410, 1346, 34, 1
411, 1442, 50, 6
412, 807, 56, 7
413, 528, 59, 8
414, 623, 51, 8
415, 1730, 40, 2
416, 1271, 41, 3
417, 810, 74, 6
418, 1120, 63, 2
419, 187, 14, 6
420, 1522, 26, 9
421, 1826, 13, 10
422, 300, 10, 1
423, 1166, 76, 5
424, 338, 99, 2
425, 1012, 79, 9
426,  1186,  100,  3
427, 691, 12, 9
428, 9, 15, 1
429, 211, 52, 6
430, 1381, 88, 2
431, 210, 80, 7
432, 1724, 40, 7
433, 1860, 90, 7
434, 1798, 34, 1
435, 1233, 35, 9
436, 296, 16, 2
437, 159, 29, 3
438, 209, 94, 4
439, 784, 78, 10
440, 1295, 99, 3
441, 1110, 98, 8
442, 1184, 78, 9
443, 1946, 97, 9
444, 205, 27, 5
445, 177, 39, 5
446, 1271, 93, 8
447, 1940, 61, 10
448, 1785, 72, 1
449, 1624, 18, 10
450,1724,71,9
451, 1063, 67, 7
452, 1055, 2, 4
453, 1512, 12, 7
454, 1554, 92, 2
455, 899, 46, 6
456, 277, 37, 3
457, 1570, 6, 8
458, 778, 16, 7
459,1039,17,10
460, 1896, 88, 6
461, 421, 25, 9
462, 107, 2, 5
463, 1552, 94, 5
464, 1036, 82, 5
465, 1936, 18, 3
466, 1325, 12, 1
467, 692, 43, 3
468, 368, 82, 3
469, 515, 95, 5
470, 987, 42, 9
471, 648, 32, 3
472, 1719, 78, 5
473, 18, 38, 9
474, 1637, 52, 9
475, 1258, 57, 7
476, 1327, 37, 4
477, 585, 1, 2
478,128,24,4
479, 971, 48, 8
480, 1384, 77, 4
481, 1481, 90, 8
482, 1055, 83, 2
483, 478, 41, 5
484, 1317, 2, 6
485, 1694, 82, 1
486, 1531, 34, 4
487,  1254,  86,  2
488, 1128, 85, 2
489, 1108, 7, 9
490, 745, 24, 1
491, 1860, 73, 3
492, 327, 91, 7
493, 1861, 89, 7
494, 1985, 1, 10
495, 218, 92, 2
496, 867, 58, 5
497, 1499, 6, 2
498, 1717, 19, 10
499, 1483, 17, 4
500, 1065, 78, 10
501, 1435, 62, 7
502, 536, 98, 1
503, 856, 46, 7
504, 719, 12, 2
505, 497, 61, 1
506, 1977, 32, 5
507, 1309, 57, 8
508, 694, 26, 2
509, 938, 73, 9
510, 894, 26, 10
511, 578, 27, 2
512, 579, 21, 2
513,1297,47,10
514, 286, 6, 10
515, 1799, 58, 3
516, 1112, 77, 6
517, 1939, 56, 7
518, 636, 34, 10
519, 1815, 88, 3
520, 625, 49, 5
521, 1584, 72, 8
522,  110,  84,  7
523, 1938, 75, 9
524, 707, 68, 9
525, 1691, 28, 4
526, 781, 3, 5
527, 1194, 25, 2
528, 590, 92, 1
529, 61, 100, 4
530, 744, 44, 5
531, 572, 72, 2
532, 50, 85, 5
533, 772, 5, 2
534, 1614, 7, 4
535, 352, 78, 2
536, 518, 42, 9
537, 356, 6, 2
538, 1182, 82, 2
539, 1986, 87, 9
540, 844, 17, 2
541, 913, 40, 5
542, 1681, 57, 1
543, 1194, 54, 6
544, 1114, 99, 2
545, 464, 6, 4
546,  577,  99,  3
547, 1029, 7, 6
548, 1000, 24, 2
549, 1491, 7, 8
550, 251, 74, 10
551, 1224, 90, 1
552, 1229, 15, 5
553, 1195, 17, 5
554, 915, 63, 8
555, 24, 82, 1
556, 1473, 95, 9
557, 1213, 17, 6
558, 1636, 54, 7
559, 236, 61, 1
560, 221, 39, 10
561, 1893, 61, 5
562, 821, 2, 1
563, 248, 33, 7
564, 198, 26, 8
565, 1854, 92, 2
566, 1097, 73, 5
567, 1185, 1, 9
568, 672, 59, 8
569, 1933, 17, 9
570, 1825, 25, 4
571, 592, 52, 2
572, 1759, 15, 1
573, 927, 3, 4
574, 1906, 1, 2
575, 1629, 58, 5
576, 595, 63, 6
577, 889, 36, 7
578,1328,42,5
579, 367, 83, 6
580, 1597, 19, 8
581, 1468, 2, 3
582, 57, 100, 3
583, 949, 7, 8
584, 514, 35, 6
585, 407, 1, 8
586, 1370, 74, 10
587, 693, 27, 5
588, 1134, 78, 1
589, 1155, 96, 8
590, 960, 60, 5
591, 1897, 16, 1
592, 1167, 97, 4
593, 639, 21, 4
594, 584, 95, 8
595, 1102, 18, 5
596, 42, 23, 5
597, 1563, 28, 10
598, 384, 49, 10
599, 1611, 86, 10
600, 1310, 24, 9
601,1015,15,8
602, 1980, 83, 1
603, 1280, 8, 10
604, 1656, 68, 4
605, 562, 99, 4
606, 136, 33, 10
607, 136, 30, 2
608, 1488, 97, 4
609, 224, 92, 7
610,  70,  45,  10
611, 1475, 39, 5
612, 1206, 31, 2
613, 1896, 65, 3
614, 733, 42, 7
615,1398,24,5
616, 445, 91, 2
617, 864, 11, 1
618, 865, 42, 7
619, 1615, 41, 1
620, 1011, 77, 4
621, 390, 45, 3
622, 265, 12, 7
623, 94, 80, 8
624,321,83,6
625, 1664, 7, 4
626, 1119, 84, 2
627, 1214, 72, 9
628, 1553, 21, 1
629, 213, 52, 6
630, 1713, 56, 8
631, 1431, 68, 7
632, 304, 22, 4
633, 1622, 56, 2
634, 108, 68, 1
635, 1359, 6, 2
636, 1803, 80, 1
637,  156,  12,  9
638, 1310, 90, 10
639, 1601, 43, 7
640, 525, 18, 6
641, 154, 39, 5
642, 1243, 11, 7
643, 1089, 17, 2
644, 429, 90, 3
645, 360, 10, 6
646, 1388, 79, 4
647, 809, 38, 7
648, 786, 32, 1
649, 1098, 58, 7
650, 1327, 4, 5
651, 455, 85, 1
652, 649, 9, 1
653, 1600, 98, 5
654, 666, 49, 8
655, 1567, 81, 5
656, 1760, 21, 9
657, 1562, 15, 7
658, 1524, 82, 8
659, 323, 60, 10
660, 944, 49, 5
661, 867, 57, 9
662, 369, 53, 7
663, 598, 92, 10
664, 609, 42, 9
665, 1131, 85, 10
666, 1188, 64, 5
667, 1466, 47, 9
668, 1617, 53, 5
669, 1248, 58, 9
670, 1185, 84, 2
671, 906, 53, 8
672, 1111, 84, 1
673, 1900, 99, 4
674, 788, 32, 7
675, 1671, 4, 2
676, 993, 74, 1
677, 1762, 78, 1
678, 450, 76, 8
679, 1675, 10, 8
680, 1487, 83, 1
681, 45, 66, 2
682, 1383, 50, 8
683, 178, 48, 8
684, 654, 26, 4
685, 584, 43, 8
686, 1506, 5, 6
687, 1316, 3, 10
688, 1569, 94, 5
689, 496, 9, 10
690, 652, 57, 4
691, 1317, 47, 4
692, 1214, 74, 1
693,  1321,  21,  8
694, 427, 47, 9
695, 271, 23, 2
696, 1146, 45, 2
697, 1472, 71, 2
698, 234, 23, 8
699, 597, 75, 2
700, 432, 16, 10
701, 395, 30, 7
702, 1414, 13, 1
703, 998, 35, 1
704, 233, 25, 5
705, 685, 75, 10
706, 1837, 85, 1
707, 842, 27, 3
708,  1760,  84,  2
709, 602, 88, 5
710, 672, 15, 5
711, 333, 77, 5
712, 967, 73, 2
713, 230, 15, 6
714, 287, 64, 6
715, 600, 24, 10
716, 500, 57, 7
717, 1978, 27, 8
718, 447, 57, 5
719, 1640, 26, 4
720, 865, 90, 4
721, 1282, 78, 4
722, 414, 5, 9
723, 1630, 2, 5
724, 1609, 20, 10
725, 533, 9, 7
726, 1894, 54, 6
727, 743, 50, 6
728, 904, 94, 3
729,341,100,4
730, 1426, 93, 10
731, 990, 8, 2
732, 1568, 29, 8
733, 1958, 50, 1
734, 1942, 58, 4
735, 647, 85, 4
736, 454, 85, 6
737, 1192, 96, 4
738, 1928, 38, 1
739, 838, 70, 1
740, 1874, 64, 5
741, 1878, 24, 10
742, 1121, 33, 10
743, 811, 85, 10
744, 1807, 93, 3
745, 331, 37, 7
746, 801, 88, 7
747, 1585, 64, 6
748, 182, 32, 4
749, 927, 97, 7
750, 697, 10, 2
751, 1830, 67, 10
752, 463, 61, 8
753, 1948, 18, 8
754, 615, 36, 4
755, 794, 81, 2
756, 778, 8, 8
757, 1307, 11, 4
758, 28, 68, 10
759, 1857, 57, 5
760, 1669, 62, 7
761, 422, 95, 3
762, 910, 2, 5
763, 505, 22, 9
764, 1770, 89, 8
765, 1118, 32, 3
766, 1443, 96, 4
767, 348, 31, 9
768, 1518, 76, 6
769, 967, 53, 9
770, 1542, 28, 7
771, 1116, 98, 6
772, 1496, 9, 4
773, 1993, 23, 10
774, 1123, 84, 3
775, 651, 19, 8
776, 733, 29, 7
777, 1804, 20, 9
778, 275, 89, 8
779, 840, 84, 2
780, 1716, 12, 5
781, 1358, 85, 2
782, 1860, 73, 4
783, 977, 32, 5
784, 1075, 80, 10
785, 465, 23, 4
786, 1453, 17, 2
787, 49, 17, 8
788, 429, 14, 10
789, 1448, 94, 7
790, 1616, 90, 8
791, 1329, 63, 1
792, 848, 9, 7
793, 126, 56, 1
794, 1351, 19, 6
795, 590, 4, 6
796, 1598, 46, 9
797, 833, 83, 2
798, 223, 26, 8
799, 1780, 18, 4
800, 1598, 37, 6
801, 1633, 89, 8
802, 1734, 86, 10
803, 1583, 16, 3
804, 1692, 13, 2
805, 87, 53, 2
806, 335, 30, 7
807, 338, 36, 3
808, 460, 28, 6
809, 1780, 52, 1
810, 1792, 59, 7
811, 414, 88, 10
812, 85, 23, 9
813, 1201, 89, 10
814, 1979, 23, 4
815, 1774, 62, 6
816, 758, 52, 5
817, 1334, 93, 7
818, 1213, 89, 5
819, 1930, 34, 7
820, 1857, 13, 4
821, 952, 78, 10
822, 205, 20, 9
823, 551, 79, 10
824, 487, 11, 8
825, 453, 8, 1
826, 259, 98, 2
827, 501, 93, 5
828, 540, 71, 6
829, 1549, 24, 6
830, 590, 94, 8
831, 1953, 18, 1
832, 1326, 70, 4
833, 1455, 76, 10
834, 523, 74, 4
835, 725, 54, 5
836, 564, 79, 3
837, 26, 46, 8
838, 195, 66, 2
839, 877, 51, 9
840, 1552, 94, 7
841, 337, 50, 7
842, 620, 71, 10
843, 305, 46, 3
844, 144, 29, 6
845, 682, 98, 6
846, 682, 94, 3
847, 1549, 24, 10
848, 1764, 24, 1
849, 1413, 41, 6
850, 1850, 43, 1
851, 142, 11, 10
852, 1425, 38, 3
853, 408, 67, 7
854, 773, 9, 1
855, 758, 32, 1
856, 851, 53, 1
857, 1907, 27, 2
858, 1287, 11, 2
859, 189, 5, 1
860, 1961, 85, 2
861, 180, 8, 6
862, 284, 35, 7
863, 1691, 73, 2
864, 1236, 46, 7
865, 476, 36, 2
866, 1961, 89, 10
867, 1710, 74, 8
868, 146, 48, 4
869, 1158, 89, 9
870, 407, 12, 5
871, 1790, 21, 5
872, 766, 15, 10
873, 588, 40, 9
874, 1801, 61, 2
875, 139, 50, 3
876, 756, 1, 2
877, 71, 2, 4
878, 566, 87, 1
879, 444, 39, 1
880, 55, 40, 9
881, 522, 61, 9
882, 1170, 61, 3
883, 857, 85, 4
884, 590, 91, 9
885, 1279, 26, 5
886, 982, 67, 7
887, 1316, 21, 10
888, 1948, 7, 10
889, 789, 66, 1
890, 920, 7, 9
891, 781, 2, 7
892, 16, 70, 8
893, 310, 31, 3
894, 499, 27, 4
895, 769, 17, 4
896,  727,  23,  2
897, 737, 3, 1
898,  452,  10,  5
899, 1667, 7, 5
900, 890, 45, 9
901, 817, 28, 2
902, 816, 48, 8
903, 257, 61, 8
904, 1795, 76, 4
905, 1371, 19, 7
906, 21, 8, 6
907, 1810, 84, 6
908, 1745, 43, 7
909, 54, 34, 2
910, 1181, 71, 10
911, 1047, 86, 3
912, 989, 71, 3
913, 1003, 97, 2
914, 1628, 13, 9
915, 1061, 20, 9
916, 1198, 41, 3
917, 24, 28, 3
918, 1403, 35, 1
919, 1817, 3, 7
920, 1653, 57, 4
921, 479, 79, 2
922, 1056, 2, 9
923, 815, 92, 7
924, 1669, 8, 5
925, 907, 11, 2
926, 1860, 47, 8
927, 316, 28, 7
928, 1512, 76, 2
929, 305, 46, 4
930, 631, 15, 1
931, 1654, 30, 3
932, 166, 68, 4
933, 1180, 13, 7
934, 847, 32, 5
935, 908, 75, 2
936, 294, 34, 7
937, 1820, 44, 10
938, 787, 52, 4
939, 589, 79, 7
940, 207, 21, 9
941, 400, 52, 4
942, 514, 4, 6
943, 1104, 56, 10
944, 307, 99, 10
945, 204, 49, 2
946, 51, 75, 7
947, 1377, 35, 8
948, 973, 14, 7
949, 529, 8, 5
950, 1618, 49, 1
951,  1825,  79,  4
952, 881, 76, 3
953, 456, 67, 4
954, 10, 70, 10
955, 1708, 68, 2
956,1000,46,10
957, 1124, 21, 4
958, 567, 85, 3
959, 1794, 54, 6
960, 475, 99, 3
961, 870, 82, 9
962, 1973, 41, 3
963, 733, 17, 7
964, 1237, 8, 8
965, 68, 14, 2
966, 1170, 25, 3
967, 740, 100, 7
968, 3, 76, 10
969,903,14,4
970, 1940, 66, 8
971, 1280, 88, 10
972, 1470, 96, 5
973, 387, 97, 10
974, 1831, 20, 10
975, 1394, 19, 10
976, 1708, 43, 6
977, 212, 63, 3
978, 1930, 43, 3
979, 1390, 71, 6
980, 1460, 67, 3
981, 681, 49, 10
982, 1613, 26, 7
983, 1296, 55, 5
984, 1921, 18, 5
985, 1051, 96, 5
986, 750, 81, 9
987, 1754, 55, 5
988, 495, 6, 4
989, 1563, 85, 7
990, 480, 3, 9
991, 1348, 56, 7
992, 186, 57, 9
993, 405, 39, 2
994, 1789, 98, 2
995, 900, 52, 2
996, 377, 34, 5
997, 1486, 52, 4
998, 2, 22, 4
999, 1734, 61, 1
1000, 772, 92, 7
1001, 399, 30, 5
1002, 1885, 20, 1
1003, 1081, 73, 10
1004, 185, 60, 9
1005, 174, 36, 1
1006, 1540, 98, 6
1007, 2, 60, 9
1008, 114, 89, 8
1009, 1764, 20, 8
1010, 921, 33, 2
1011, 62, 11, 6
1012, 1663, 19, 6
1013, 1408, 28, 6
1014, 875, 62, 10
1015, 948, 66, 1
1016, 663, 44, 7
1017, 1827, 30, 3
1018, 887, 64, 8
1019,678,98,9
1020, 173, 42, 8
1021, 656, 55, 10
1022, 969, 79, 1
1023, 29, 68, 3
1024, 340, 62, 6
1025, 1441, 27, 10
1026, 1044, 56, 2
1027, 1798, 63, 3
1028, 165, 3, 1
1029, 1018, 84, 5
1030, 1574, 3, 7
1031, 1369, 90, 4
1032, 862, 63, 8
1033, 1082, 100, 3
1034, 1018, 53, 2
1035, 519, 78, 7
1036, 1687, 47, 3
1037, 1989, 62, 7
1038, 1142, 83, 7
1039, 479, 14, 1
1040, 377, 91, 4
1041, 757, 95, 3
1042, 100, 14, 4
1043, 615, 23, 6
1044, 1746, 96, 9
1045, 1133, 41, 5
1046, 1472, 10, 2
1047, 1093, 85, 9
1048, 1151, 54, 1
1049, 1592, 45, 3
1050, 588, 45, 10
1051, 587, 55, 6
1052, 574, 54, 6
1053, 650, 90, 10
1054, 1739, 48, 10
1055, 1825, 56, 10
1056, 1136, 2, 8
1057, 560, 48, 8
1058, 975, 77, 4
1059, 1988, 91, 8
1060, 873, 3, 10
1061, 843, 8, 4
1062, 653, 87, 10
1063, 1384, 85, 6
1064, 1319, 51, 8
1065, 1328, 98, 10
1066, 1918, 80, 6
1067, 1143, 22, 6
1068, 420, 58, 2
1069, 1481, 58, 10
1070, 774, 18, 3
1071, 1395, 21, 5
1072, 1265, 77, 8
1073, 1592, 36, 5
1074, 541, 93, 2
1075, 1843, 27, 2
1076, 341, 95, 2
1077, 1106, 43, 8
1078, 570, 23, 4
1079, 428, 17, 7
1080, 182, 56, 8
1081, 1553, 80, 1
1082, 879, 19, 4
1083, 800, 67, 9
1084, 37, 16, 7
1085, 1138, 35, 3
1086,1941,98,6
1087, 140, 95, 7
1088, 1334, 81, 8
1089, 1315, 69, 7
1090, 192, 14, 2
1091, 915, 75, 2
1092, 1289, 62, 3
1093, 1964, 52, 6
1094, 1482, 33, 9
1095, 1052, 86, 5
1096,  324,  13,  3
1097, 799, 43, 4
1098, 1417, 87, 4
1099, 1160, 80, 1
1100, 452, 32, 1
1101, 746, 24, 9
1102, 1914, 91, 1
1103, 1372, 70, 6
1104, 106, 2, 7
1105, 1903, 62, 4
1106, 791, 79, 1
1107, 1642, 30, 9
1108, 1108, 65, 3
1109, 549, 98, 10
1110, 1769, 19, 3
1111, 1094, 78, 5
1112, 444, 71, 9
1113, 597, 88, 3
1114, 1439, 3, 9
1115, 461, 3, 8
1116, 1205, 45, 4
1117, 1593, 35, 3
1118, 465, 16, 2
1119, 1122, 16, 1
1120, 1385, 13, 8
1121, 1150, 75, 9
1122, 635, 48, 9
1123, 1125, 34, 4
1124, 97, 21, 2
1125, 1007, 9, 3
1126, 1337, 93, 8
1127, 289, 24, 4
1128, 1230, 98, 7
1129, 1501, 58, 6
1130, 1018, 95, 5
1131, 1902, 94, 9
1132, 473, 61, 6
1133, 643, 41, 3
1134, 175, 52, 3
1135, 1733, 86, 1
1136, 747, 31, 8
1137, 1146, 99, 3
1138, 1034, 38, 1
1139, 1474, 41, 2
1140, 1693, 88, 10
1141, 835, 55, 8
1142,580,63,1
1143, 302, 84, 9
1144, 94, 2, 5
1145, 237, 86, 3
1146, 1050, 83, 9
1147, 1375, 13, 8
1148, 754, 54, 5
1149, 492, 43, 2
1150, 682, 69, 7
1151, 1561, 64, 3
1152, 406, 89, 8
1153, 723, 22, 10
1154, 512, 62, 7
1155, 823, 20, 4
1156, 120, 18, 7
1157, 869, 100, 6
1158, 642, 96, 2
1159, 485, 83, 3
1160, 748, 83, 10
1161, 1488, 43, 6
1162, 320, 89, 6
1163, 1847, 43, 6
1164, 51, 98, 2
1165, 1945, 77, 1
1166, 1914, 69, 1
1167, 1534, 27, 6
1168, 1934, 64, 2
1169, 1527, 29, 1
1170, 1113, 83, 9
1171, 700, 56, 2
1172, 1478, 48, 10
1173, 1023, 39, 5
1174, 1182, 37, 9
1175, 785, 25, 5
1176,  1791,  51,  3
1177, 898, 5, 3
1178, 1972, 35, 7
1179, 81, 22, 3
1180, 64, 51, 4
1181, 713, 70, 1
1182, 1410, 23, 1
1183, 1762, 52, 4
1184, 40, 18, 7
1185, 31, 21, 1
1186, 1928, 1, 8
1187,1863,80,3
1188, 53, 22, 3
1189, 946, 76, 4
1190, 414, 85, 6
1191, 1329, 56, 1
1192, 1231, 33, 3
1193, 1481, 52, 9
1194, 613, 76, 4
1195, 662, 91, 1
1196, 444, 30, 4
1197, 316, 26, 5
1198, 1628, 4, 3
1199, 1162, 59, 5
1200, 1172, 59, 4
1201, 416, 94, 8
1202, 1368, 77, 6
1203, 1189, 26, 4
1204, 255, 55, 10
1205, 1538, 52, 2
1206, 1631, 38, 7
1207, 1772, 29, 10
1208, 660, 37, 3
1209, 1265, 1, 9
1210, 552, 73, 1
1211, 1420, 62, 10
1212, 276, 17, 2
1213, 516, 41, 7
1214, 136, 46, 7
1215, 1342, 4, 4
1216, 1612, 79, 2
1217, 268, 24, 7
1218, 1658, 12, 7
1219,  910,  17,  10
1220, 619, 100, 7
1221, 438, 53, 9
1222, 489, 28, 8
1223, 1120, 38, 5
1224, 1369, 94, 1
1225, 1748, 62, 4
1226, 241, 62, 4
1227, 1660, 64, 1
1228, 1991, 35, 5
1229, 1168, 90, 6
1230, 91, 33, 5
1231, 1991, 55, 5
1232, 1421, 35, 2
1233, 1988, 73, 1
1234, 1028, 16, 7
1235, 1043, 83, 2
1236, 1841, 68, 7
1237, 618, 46, 7
1238, 1989, 74, 5
1239, 1461, 90, 10
1240, 705, 39, 8
1241,  1306,  52,  1
1242, 1709, 64, 1
1243, 1295, 43, 9
1244, 468, 48, 5
1245, 89, 9, 5
1246, 752, 12, 6
1247, 661, 46, 9
1248, 1603, 52, 1
1249, 888, 85, 2
1250, 311, 29, 6
1251, 1110, 31, 2
1252, 206, 42, 8
1253, 1326, 89, 7
1254, 767, 52, 5
1255, 674, 83, 3
1256, 1094, 47, 10
1257, 1740, 57, 7
1258, 1855, 91, 3
1259, 633, 25, 9
1260, 1867, 64, 1
1261, 554, 74, 10
1262, 702, 20, 3
1263, 1586, 65, 5
1264, 1102, 7, 2
1265, 522, 39, 2
1266, 822, 12, 6
1267, 690, 66, 1
1268, 513, 30, 6
1269, 960, 95, 1
1270, 749, 60, 10
1271,  722,  68,  7
1272, 355, 75, 10
1273, 1213, 99, 10
1274, 1234, 87, 7
1275, 1946, 59, 2
1276, 538, 70, 4
1277, 147, 98, 2
1278, 493, 87, 6
1279, 539, 52, 3
1280, 1259, 15, 6
1281, 1832, 38, 6
1282,  469,  95,  3
1283, 932, 2, 4
1284, 947, 77, 3
1285, 517, 82, 3
1286, 52, 7, 9
1287,  1944,  22,  1
1288, 1309, 29, 6
1289, 980, 73, 9
1290, 105, 77, 9
1291, 256, 9, 4
1292, 611, 46, 8
1293, 1262, 79, 8
1294, 952, 68, 5
1295, 738, 59, 4
1296, 432, 72, 6
1297, 282, 25, 5
1298, 179, 53, 1
1299, 612, 82, 5
1300, 1346, 27, 8
1301, 830, 71, 7
1302, 1249, 35, 3
1303, 75, 45, 6
1304, 1323, 90, 4
1305, 545, 51, 10
1306, 1703, 82, 6
1307, 1403, 84, 1
1308, 289, 29, 2
1309, 358, 62, 2
1310,1155,23,2
1311, 1492, 6, 6
1312, 1340, 26, 3
1313, 209, 27, 6
1314, 1862, 88, 6
1315, 965, 60, 9
1316, 1090, 4, 7
1317, 1382, 100, 3
1318, 456, 62, 8
1319, 627, 23, 8
1320, 656, 54, 9
1321, 431, 84, 9
1322, 1818, 74, 9
1323, 1863, 28, 3
1324, 270, 16, 7
1325, 668, 35, 1
1326, 1697, 75, 4
1327, 47, 27, 2
1328, 804, 24, 8
1329, 76, 46, 5
1330, 1193, 69, 9
1331, 654, 95, 10
1332, 777, 80, 1
1333, 718, 59, 4
1334, 890, 92, 1
1335, 912, 75, 5
1336, 902, 78, 6
1337, 216, 35, 9
1338, 975, 39, 9
1339, 1396, 14, 1
1340, 877, 1, 10
1341, 608, 45, 8
1342, 34, 13, 2
1343, 501, 54, 9
1344, 1487, 7, 7
1345, 365, 40, 2
1346, 1500, 17, 5
1347, 881, 55, 3
1348, 1882, 27, 3
1349, 880, 16, 10
1350, 206, 29, 4
1351, 1763, 47, 6
1352, 695, 58, 6
1353, 339, 41, 5
1354, 1238, 1, 6
1355, 1647, 46, 10
1356, 197, 23, 3
1357, 147, 54, 1
1358, 1989, 28, 6
1359,  1173,  6,  6
1360, 1424, 36, 10
1361,  776,  82,  7
1362, 759, 88, 8
1363, 1545, 50, 6
1364, 1008, 12, 8
1365, 935, 51, 8
1366, 493, 96, 10
1367, 1034, 42, 10
1368, 1389, 36, 2
1369, 1932, 45, 2
1370, 1201, 21, 4
1371, 620, 48, 8
1372, 1365, 87, 10
1373, 494, 76, 9
1374, 786, 52, 4
1375, 1786, 45, 1
1376, 1967, 21, 5
1377, 1249, 34, 6
1378, 1071, 93, 8
1379,799,52,7
1380, 6, 56, 3
1381, 1433, 99, 8
1382, 591, 22, 5
1383, 1988, 96, 6
1384, 293, 87, 2
1385,  1539,  48,  2
1386, 1589, 92, 7
1387,815,85,1
1388, 760, 15, 9
1389, 1564, 12, 10
1390, 244, 58, 6
1391, 1139, 20, 9
1392, 1455, 53, 10
1393, 374, 59, 8
1394, 1780, 27, 1
1395, 1552, 80, 2
1396, 772, 38, 6
1397, 655, 12, 3
1398, 444, 5, 3
1399, 1239, 58, 2
1400, 504, 18, 4
1401, 1049, 57, 4
1402, 287, 49, 7
1403, 467, 98, 9
1404, 41, 52, 10
1405, 1432, 89, 7
1406, 1763, 76, 1
1407, 446, 32, 1
1408, 264, 18, 9
1409, 1330, 91, 4
1410, 658, 69, 5
1411, 1593, 45, 8
1412, 1514, 2, 7
1413, 1925, 94, 2
1414, 88, 25, 3
1415, 976, 6, 9
1416, 1027, 39, 10
1417, 1880, 86, 9
1418, 1399, 85, 10
1419,1442,82,10
1420, 497, 92, 4
1421, 1747, 18, 1
1422, 83, 4, 8
1423, 1970, 72, 5
1424, 502, 83, 7
1425, 187, 33, 2
1426, 194, 72, 2
1427, 1831, 5, 4
1428, 994, 78, 10
1429, 1917, 81, 10
1430, 1279, 3, 8
1431, 613, 77, 10
1432,1427,93,10
1433, 810, 85, 3
1434, 1822, 8, 8
1435, 904, 66, 2
1436, 1289, 4, 6
1437, 99, 36, 7
1438, 279, 29, 1
1439, 1016, 40, 4
1440, 1124, 43, 4
1441, 1797, 7, 9
1442, 1357, 57, 8
1443, 1235, 4, 9
1444, 713, 96, 9
1445, 374, 17, 6
1446, 896, 30, 3
1447, 1800, 98, 9
1448, 1444, 79, 6
1449, 896, 45, 9
1450, 1902, 73, 10
1451, 1431, 91, 9
1452, 502, 27, 7
1453, 867, 93, 9
1454, 1368, 62, 2
1455, 1759, 24, 9
1456, 1279, 82, 5
1457, 535, 90, 4
1458, 1172, 39, 10
1459,1754,80,8
1460, 236, 55, 7
1461, 996, 20, 4
1462, 132, 92, 1
1463,1610,16,10
1464, 1719, 28, 1
1465, 768, 51, 1
1466, 853, 39, 8
1467, 899, 49, 4
1468, 828, 70, 8
1469, 408, 21, 10
1470, 1578, 49, 5
1471, 1020, 72, 10
1472, 931, 7, 10
1473, 1811, 22, 10
1474, 403, 48, 5
1475, 1772, 4, 5
1476, 612, 78, 6
1477, 1576, 37, 8
1478, 1253, 95, 5
1479, 347, 24, 5
1480, 1893, 10, 5
1481, 170, 85, 2
1482, 1884, 100, 1
1483, 935, 13, 8
1484,1385,5,7
1485, 634, 1, 10
1486, 1123, 33, 3
1487, 1065, 30, 7
1488, 1582, 12, 3
1489, 1163, 77, 7
1490, 1421, 8, 6
1491, 1497, 44, 5
1492, 841, 98, 4
1493, 1917, 22, 5
1494, 81, 8, 8
1495, 343, 23, 6
1496,  646,  10,  10
1497, 1358, 78, 2
1498, 188, 64, 7
1499, 1540, 5, 1
1500, 819, 39, 5
1501, 1505, 83, 4
1502, 1074, 14, 6
1503, 182, 4, 10
1504, 475, 35, 9
1505, 1171, 9, 4
1506, 354, 5, 10
1507, 318, 6, 9
1508, 1683, 34, 6
1509, 1666, 68, 10
1510, 430, 61, 1
1511, 1179, 40, 8
1512, 671, 87, 10
1513, 1821, 71, 10
1514, 243, 79, 7
1515, 806, 100, 6
1516, 1472, 38, 9
1517,812,19,6
1518, 226, 50, 8
1519, 125, 47, 9
1520, 1028, 96, 4
1521, 1594, 14, 8
1522, 1509, 2, 6
1523, 417, 30, 7
1524, 126, 90, 9
1525, 1159, 43, 2
1526, 1143, 75, 7
1527, 1620, 64, 8
1528, 117, 83, 9
1529, 1765, 63, 5
1530, 1623, 54, 4
1531,  1227,  35,  5
1532, 330, 82, 1
1533, 795, 92, 8
1534, 1601, 76, 4
1535, 363, 16, 1
1536, 1256, 41, 8
1537, 381, 65, 2
1538, 1796, 84, 8
1539, 164, 59, 8
1540, 760, 43, 7
1541, 148, 26, 2
1542, 1298, 57, 4
1543, 1929, 91, 6
1544, 1994, 10, 1
1545, 415, 1, 1
1546, 525, 41, 8
1547, 459, 86, 9
1548, 52, 71, 9
1549, 1908, 31, 4
1550, 126, 37, 7
1551, 1010, 52, 10
1552, 1268, 2, 3
1553, 507, 56, 3
1554, 242, 54, 4
1555, 1336, 44, 4
1556, 1905, 26, 9
1557, 1987, 77, 6
1558, 99, 19, 5
1559, 662, 65, 1
1560, 577, 6, 4
1561, 878, 70, 4
1562, 796, 43, 7
1563, 1864, 9, 10
1564, 791, 42, 10
1565, 1048, 85, 10
1566,597,27,6
1567, 1540, 89, 3
1568, 1446, 74, 9
1569, 1713, 64, 6
1570, 1405, 5, 1
1571,919,82,3
1572, 1319, 30, 4
1573, 873, 21, 2
1574, 1607, 48, 3
1575, 1101, 53, 7
1576, 563, 66, 6
1577, 1339, 61, 4
1578, 1276, 16, 3
1579, 1625, 61, 8
1580, 1423, 60, 4
1581, 325, 56, 6
1582, 1992, 35, 6
1583, 1328, 15, 2
1584, 676, 75, 5
1585, 1465, 7, 10
1586, 1713, 3, 8
1587, 81, 5, 3
1588, 1717, 52, 5
1589, 933, 53, 10
1590, 167, 19, 1
1591, 465, 1, 4
1592, 1303, 48, 3
1593, 732, 68, 3
1594, 474, 74, 4
1595, 163, 6, 5
1596, 301, 73, 8
1597, 1990, 70, 8
1598, 1881, 35, 2
1599, 1619, 85, 5
1600, 426, 19, 7
1601, 1177, 24, 10
1602, 575, 90, 6
1603, 1504, 12, 1
1604, 1132, 42, 10
1605, 983, 33, 4
1606, 449, 55, 6
1607, 1130, 62, 6
1608, 664, 50, 6
1609,940,3,6
1610, 1813, 18, 8
1611, 1251, 92, 1
1612, 1481, 73, 3
1613, 1029, 3, 1
1614, 1015, 9, 1
1615, 1748, 54, 7
1616,49,39,2
1617, 717, 99, 8
1618, 1984, 31, 5
1619, 1396, 52, 2
1620, 444, 87, 4
1621, 1490, 51, 7
1622, 1154, 49, 5
1623, 875, 90, 5
1624, 703, 53, 6
1625, 1054, 18, 10
1626, 1045, 83, 5
1627, 1372, 17, 8
1628, 288, 67, 7
1629, 848, 67, 2
1630, 765, 22, 3
1631, 503, 39, 2
1632, 1850, 55, 9
1633, 448, 35, 10
1634, 1080, 17, 4
1635, 310, 26, 10
1636, 1565, 33, 2
1637, 1681, 77, 3
1638, 493, 4, 8
1639, 1099, 79, 1
1640, 1288, 90, 7
1641, 338, 81, 6
1642,  1077,  72,  1
1643, 1098, 57, 8
1644, 656, 83, 7
1645, 1078, 86, 2
1646, 359, 33, 3
1647, 419, 43, 3
1648, 1359, 72, 3
1649, 1586, 81, 9
1650, 753, 10, 4
1651, 834, 81, 1
1652, 272, 69, 6
1653, 306, 38, 7
1654, 1265, 95, 5
1655, 1411, 19, 5
1656, 1960, 66, 7
1657, 1045, 87, 9
1658, 1750, 94, 6
1659, 848, 49, 4
1660, 1094, 83, 1
1661, 1969, 37, 5
1662, 1557, 34, 6
1663, 201, 75, 6
1664, 828, 2, 6
1665, 1059, 91, 6
1666, 1555, 69, 10
1667, 892, 10, 6
1668, 524, 18, 1
1669, 1862, 78, 3
1670, 1655, 87, 7
1671, 17, 86, 4
1672,1868,16,6
1673, 1181, 31, 7
1674,597,90,1
1675, 1299, 99, 8
1676, 259, 44, 8
1677, 607, 6, 8
1678, 1743, 7, 9
1679, 1079, 2, 10
1680, 63, 78, 5
1681, 1059, 60, 4
1682, 289, 1, 4
1683, 1310, 89, 3
1684, 691, 22, 8
1685, 972, 100, 7
1686, 1453, 33, 4
1687, 521, 43, 10
1688, 1111, 81, 10
1689, 202, 66, 1
1690, 1206, 100, 5
1691, 491, 98, 7
1692, 398, 7, 1
1693, 1991, 91, 1
1694,  1845,  41,  9
1695, 1709, 82, 3
1696, 478, 11, 4
1697,  233,  52,  7
1698, 923, 56, 10
1699, 1498, 48, 7
1700, 1154, 85, 3
1701, 1657, 82, 7
1702, 942, 25, 10
1703, 1793, 49, 1
1704, 250, 38, 3
1705, 617, 17, 3
1706, 1457, 53, 3
1707, 1956, 32, 1
1708, 1894, 52, 10
1709, 631, 69, 8
1710, 1242, 40, 6
1711, 1770, 67, 6
1712, 1808, 69, 1
1713, 346, 93, 7
1714, 934, 20, 2
1715, 504, 88, 8
1716,  879,  67,  10
1717, 1259, 15, 1
1718, 1568, 76, 7
1719, 1634, 20, 8
1720, 1202, 61, 1
1721, 1483, 95, 2
1722, 25, 75, 6
1723, 1230, 14, 2
1724, 1477, 17, 3
1725, 1201, 17, 1
1726, 249, 78, 1
1727, 1788, 31, 4
1728, 425, 67, 10
1729, 113, 53, 4
1730, 1093, 69, 5
1731, 599, 65, 5
1732, 32, 70, 10
1733, 1869, 4, 1
1734, 962, 72, 8
1735, 16, 24, 7
1736, 164, 54, 10
1737, 1027, 38, 8
1738, 1543, 77, 3
1739, 1363, 22, 2
1740, 568, 69, 7
1741, 1207, 97, 3
1742, 812, 29, 2
1743, 988, 26, 9
1744, 75, 23, 4
1745, 1486, 57, 4
1746, 783, 23, 4
1747, 1139, 63, 10
1748, 1913, 5, 2
1749, 1954, 2, 10
1750, 1897, 90, 3
1751,  201,  12,  10
1752, 1856, 8, 7
1753, 1466, 89, 10
1754, 410, 90, 3
1755, 1234, 6, 2
1756, 283, 99, 1
1757, 263, 57, 6
1758, 82, 10, 4
1759, 1984, 99, 1
1760, 523, 72, 8
1761, 399, 29, 2
1762, 798, 33, 3
1763, 467, 61, 3
1764, 152, 18, 7
1765, 262, 17, 1
1766, 1699, 41, 1
1767, 1043, 64, 9
1768, 1257, 78, 3
1769, 353, 76, 3
1770, 872, 3, 9
1771, 998, 11, 4
1772, 1922, 81, 8
1773, 1491, 31, 8
1774, 907, 37, 5
1775, 1826, 93, 3
1776, 150, 27, 8
1777, 1088, 69, 1
1778, 790, 29, 6
1779, 1674, 33, 5
1780, 1425, 11, 10
1781, 1761, 24, 9
1782, 1738, 40, 6
1783, 1650, 88, 8
1784, 70, 98, 9
1785, 726, 71, 9
1786, 1723, 16, 8
1787, 1886, 17, 3
1788, 675, 68, 9
1789, 561, 69, 3
1790, 193, 74, 1
1791, 73, 14, 7
1792, 1900, 19, 4
1793, 532, 72, 3
1794, 1598, 78, 3
1795, 693, 46, 9
1796, 1533, 75, 1
1797, 773, 3, 2
1798, 1035, 20, 3
1799, 1462, 34, 7
1800, 1493, 51, 10
1801, 1030, 27, 9
1802, 1300, 6, 1
1803, 171, 5, 5
1804, 1784, 24, 5
1805, 527, 89, 7
1806, 1842, 20, 7
1807, 1187, 35, 6
1808, 194, 13, 9
1809, 899, 49, 10
1810, 1987, 63, 6
1811, 12, 1, 3
1812, 1401, 63, 5
1813, 885, 43, 8
1814, 1648, 48, 7
1815, 924, 68, 1
1816, 540, 88, 10
1817, 978, 33, 7
1818, 540, 6, 1
1819, 411, 34, 7
1820, 1736, 51, 5
1821, 735, 4, 8
1822, 1898, 73, 3
1823, 858, 90, 5
1824, 289, 33, 6
1825, 502, 59, 3
1826, 1315, 23, 6
1827, 1704, 95, 8
1828,1621,53,4
1829, 941, 54, 8
1830, 59, 41, 9
1831, 960, 25, 8
1832, 590, 34, 5
1833, 234, 42, 8
1834, 779, 59, 8
1835, 1415, 58, 9
1836, 33, 22, 9
1837, 415, 76, 5
1838, 1057, 43, 1
1839, 834, 81, 8
1840, 302, 98, 1
1841, 287, 86, 10
1842, 48, 62, 5
1843,  1316,  70,  7
1844, 772, 92, 6
1845, 1043, 21, 8
1846, 1049, 39, 8
1847,  910,  54,  8
1848, 679, 7, 1
1849, 1305, 31, 7
1850, 1662, 41, 2
1851, 912, 2, 3
1852, 1846, 62, 10
1853, 382, 51, 9
1854, 686, 93, 9
1855, 605, 12, 10
1856, 1992, 68, 8
1857, 427, 19, 3
1858, 123, 27, 9
1859, 297, 50, 5
1860,  251,  24,  3
1861, 1989, 26, 7
1862, 3, 22, 9
1863, 1777, 6, 1
1864, 1649, 26, 10
1865, 1956, 99, 3
1866, 1366, 30, 9
1867, 1718, 25, 3
1868, 1011, 19, 7
1869, 1192, 83, 2
1870, 696, 100, 7
1871, 587, 53, 5
1872, 93, 4, 2
1873, 1786, 6, 8
1874, 1870, 1, 1
1875, 287, 43, 1
1876, 983, 28, 6
1877, 123, 13, 4
1878, 96, 22, 8
1879, 1980, 67, 2
1880, 299, 33, 9
1881, 324, 67, 7
1882, 413, 74, 1
1883, 1441, 38, 6
1884, 101, 37, 7
1885, 8, 82, 7
1886, 586, 100, 9
1887, 1129, 25, 9
1888, 1490, 16, 1
1889, 1557, 6, 4
1890, 742, 89, 2
1891, 1002, 47, 7
1892, 1547, 50, 7
1893, 137, 45, 5
1894, 1890, 60, 8
1895, 1298, 95, 10
1896, 532, 10, 6
1897, 761, 1, 2
1898, 1356, 65, 3
1899, 285, 10, 8
1900, 472, 53, 10
1901, 1919, 65, 9
1902, 1586, 19, 4
1903, 23, 43, 2
1904, 8, 13, 3
1905, 743, 79, 5
1906, 177, 88, 3
1907, 1404, 62, 9
1908,  136,  56,  6
1909, 458, 3, 4
1910, 1017, 95, 6
1911, 555, 87, 5
1912, 1347, 49, 2
1913,  593,  16,  7
1914, 1084, 5, 1
1915, 63, 75, 2
1916, 300, 58, 10
1917, 782, 97, 10
1918, 1897, 3, 2
1919, 1493, 93, 10
1920, 1267, 37, 9
1921, 1903, 55, 5
1922, 781, 82, 9
1923, 159, 79, 1
1924, 1332, 27, 9
1925, 350, 100, 8
1926, 824, 29, 1
1927, 1307, 88, 2
1928, 500, 80, 8
1929, 677, 64, 1
1930, 1023, 94, 9
1931, 1661, 13, 7
1932, 1297, 99, 8
1933, 823, 85, 2
1934, 1835, 27, 6
1935, 883, 36, 3
1936, 1862, 17, 1
1937, 1895, 93, 8
1938, 1981, 6, 8
1939, 1689, 96, 2
1940, 56, 52, 1
1941,2000,5,8
1942, 1545, 11, 5
1943, 829, 24, 1
1944, 253, 6, 5
1945, 1588, 50, 4
1946, 1135, 11, 4
1947, 1387, 3, 7
1948, 1503, 66, 9
1949, 1361, 6, 10
1950, 328, 35, 6
1951, 272, 39, 8
1952, 844, 88, 10
1953, 1603, 82, 7
1954, 299, 13, 8
1955, 1864, 44, 3
1956, 1741, 60, 5
1957, 1721, 43, 7
1958, 1820, 33, 2
1959, 661, 42, 1
1960, 1834, 28, 6
1961, 1033, 90, 2
1962, 11, 19, 2
1963, 192, 2, 1
1964, 1262, 83, 10
1965, 1070, 97, 1
1966, 1966, 3, 1
1967, 1313, 85, 8
1968, 938, 68, 1
1969, 1533, 21, 2
1970, 1853, 83, 8
1971, 952, 72, 9
1972, 215, 80, 6
1973, 447, 9, 1
1974, 47, 51, 3
1975, 1114, 77, 1
1976, 345, 55, 6
1977, 1503, 83, 1
1978, 1879, 100, 3
1979, 1362, 23, 6
1980, 870, 32, 5
1981, 785, 69, 10
1982, 1138, 92, 8
1983, 629, 79, 3
1984, 632, 62, 4
1985, 1049, 57, 10
1986, 1367, 4, 3
1987, 699, 61, 1
1988, 547, 24, 2
1989, 1225, 45, 1
1990, 715, 95, 3
1991, 1430, 48, 10
1992, 392, 67, 8
1993, 1923, 37, 6
1994,  833,  58,  10
1995, 1864, 90, 10
1996, 202, 57, 8
1997, 644, 25, 5
1998, 1224, 76, 8
1999, 794, 43, 6
2000,8,65,4
2001, 1895, 47, 10
2002, 1762, 55, 7
2003, 1604, 21, 6
2004, 1874, 88, 10
2005, 622, 54, 8
2006, 1816, 24, 5
2007, 667, 83, 5
2008, 626, 77, 3
2009, 607, 73, 6
2010, 1933, 57, 3
2011, 1782, 17, 7
2012, 1044, 2, 10
2013, 51, 12, 5
2014, 1606, 26, 3
2015, 1887, 6, 1
2016,  1050,  100,  5
2017, 936, 10, 2
2018, 576, 90, 7
2019, 641, 30, 5
2020, 1573, 96, 2
2021, 1360, 62, 6
2022, 621, 79, 4
2023, 1125, 41, 8
2024, 1258, 86, 5
2025, 1124, 76, 1
2026,  1681,  61,  6
2027, 1517, 6, 2
2028, 1819, 13, 4
2029, 951, 27, 4
2030, 1706, 26, 8
2031, 748, 19, 10
2032, 1077, 55, 4
2033, 1663, 2, 8
2034,  782,  77,  7
2035, 181, 61, 7
2036, 1092, 61, 10
2037, 904, 80, 10
2038,  182,  80,  8
2039, 22, 67, 7
2040, 608, 31, 9
2041, 630, 44, 2
2042, 50, 60, 7
2043, 526, 99, 1
2044, 1913, 90, 9
2045, 80, 52, 6
2046, 1581, 52, 6
2047, 657, 93, 8
2048, 258, 42, 2
2049,222,18,8
2050, 154, 99, 5
2051, 63, 65, 10
2052, 1460, 42, 1
2053, 1362, 77, 6
2054, 998, 58, 9
2055, 1050, 38, 5
2056, 806, 2, 10
2057, 361, 34, 7
2058, 1796, 1, 9
2059, 460, 28, 9
2060, 357, 29, 2
2061, 372, 38, 5
2062, 1210, 61, 5
2063, 792, 77, 10
2064, 1935, 35, 10
2065, 634, 1, 1
2066, 600, 67, 9
2067, 592, 65, 1
2068, 711, 66, 4
2069, 662, 2, 6
2070, 214, 83, 9
2071, 93, 18, 7
2072, 1898, 5, 3
2073, 1516, 76, 5
2074, 422, 15, 1
2075,644,96,6
2076, 686, 64, 8
2077, 1558, 77, 5
2078, 521, 82, 5
2079, 1062, 8, 6
2080, 775, 3, 1
2081, 1578, 37, 10
2082, 28, 63, 10
2083, 991, 90, 10
2084, 648, 6, 9
2085, 228, 36, 7
2086, 1072, 83, 4
2087, 376, 67, 3
2088, 1160, 19, 5
2089, 903, 100, 6
2090, 398, 97, 4
2091, 842, 58, 6
2092, 1690, 84, 3
2093, 164, 42, 8
2094, 1414, 29, 10
2095, 961, 59, 2
2096, 1544, 47, 2
2097, 454, 4, 2
2098, 1479, 63, 2
2099, 1409, 25, 1
2100, 1537, 59, 9
2101, 189, 43, 6
2102, 1561, 92, 2
2103, 1244, 94, 9
2104, 238, 50, 5
2105, 1743, 34, 7
2106, 1316, 36, 7
2107, 1667, 41, 9
2108, 488, 43, 10
2109, 1447, 21, 9
2110, 1494, 51, 6
2111, 861, 33, 10
2112, 1431, 87, 4
2113, 1661, 95, 3
2114, 112, 94, 2
2115, 1714, 96, 4
2116, 1096, 81, 6
2117, 825, 77, 10
2118, 1532, 44, 7
2119, 886, 70, 2
2120, 1456, 17, 9
2121, 1433, 14, 4
2122, 1262, 78, 1
2123, 1382, 82, 8
2124, 909, 80, 4
2125, 313, 98, 5
2126, 126, 31, 9
2127, 834, 52, 1
2128, 225, 27, 1
2129,  835,  91,  3
2130, 583, 62, 3
2131, 296, 29, 7
2132, 3, 35, 5
2133, 1441, 39, 3
2134, 1271, 2, 6
2135, 1695, 89, 10
2136, 1603, 91, 8
2137, 697, 82, 3
2138, 1701, 99, 1
2139, 925, 50, 6
2140, 1970, 74, 6
2141, 802, 4, 5
2142, 926, 24, 9
2143, 682, 84, 3
2144, 956, 75, 10
2145, 380, 50, 9
2146, 1156, 6, 8
2147, 1076, 34, 9
2148, 1341, 8, 2
2149, 1513, 76, 10
2150, 11, 8, 3
2151, 63, 48, 2
2152, 1239, 45, 5
2153, 940, 4, 8
2154, 1865, 26, 5
2155, 1810, 81, 10
2156, 976, 3, 9
2157,  1391,  44,  5
2158, 2, 54, 8
2159, 9, 100, 5
2160, 299, 34, 7
2161, 370, 95, 1
2162, 874, 52, 5
2163, 1574, 10, 3
2164, 1848, 42, 10
2165, 1260, 51, 4
2166, 1228, 8, 8
2167, 1108, 80, 2
2168, 1307, 58, 8
2169, 1384, 95, 9
2170, 1592, 50, 5
2171, 610, 99, 8
2172, 1319, 12, 3
2173, 276, 22, 2
2174,319,10,5
2175, 225, 13, 7
2176, 1038, 61, 2
2177, 275, 6, 8
2178, 533, 68, 3
2179, 716, 82, 8
2180, 1730, 64, 6
2181, 56, 20, 9
2182, 1971, 58, 1
2183, 1284, 95, 5
2184, 1293, 49, 6
2185, 72, 97, 3
2186,  1171,  27,  10
2187, 483, 18, 3
2188,1673,76,7
2189, 762, 77, 8
2190, 740, 67, 7
2191, 15, 92, 10
2192, 949, 20, 9
2193, 954, 71, 9
2194, 673, 44, 10
2195, 1132, 80, 8
2196, 278, 72, 10
2197, 494, 30, 9
2198, 764, 9, 9
2199, 1536, 99, 8
2200, 1869, 72, 8
2201, 1656, 93, 6
2202, 1043, 69, 5
2203, 546, 27, 5
2204, 1528, 18, 6
2205, 150, 17, 9
2206, 638, 48, 5
2207, 951, 70, 8
2208, 50, 50, 5
2209, 1378, 51, 2
2210, 74, 12, 4
2211, 1055, 89, 5
2212, 1012, 76, 1
2213, 1995, 33, 2
2214, 211, 56, 10
2215, 1673, 33, 3
2216, 371, 23, 10
2217, 189, 9, 4
2218, 1742, 7, 7
2219, 239, 72, 1
2220, 751, 20, 6
2221, 1256, 32, 10
2222,1278,36,7
2223, 1935, 30, 3
2224, 1747, 89, 8
2225, 1180, 2, 6
2226, 1134, 52, 2
2227, 1835, 39, 10
2228, 1445, 76, 4
2229,1098,36,5
2230, 396, 35, 7
2231, 417, 58, 4
2232,  901,  91,  9
2233, 1790, 19, 10
2234, 1288, 70, 1
2235, 1635, 97, 2
2236,1070,7,3
2237, 189, 68, 5
2238, 319, 36, 9
2239, 1960, 88, 5
2240, 399, 62, 5
2241, 1632, 28, 8
2242, 1699, 17, 10
2243, 246, 89, 4
2244, 288, 22, 7
2245, 534, 6, 6
2246, 119, 52, 7
2247, 1911, 31, 2
2248,  1066,  44,  2
2249, 1498, 75, 6
2250, 1985, 3, 7
2251, 821, 84, 9
2252, 852, 49, 7
2253, 1686, 49, 3
2254, 534, 98, 3
2255, 821, 75, 4
2256, 1565, 50, 1
2257, 1726, 90, 8
2258, 1008, 90, 1
2259, 1497, 2, 7
2260, 1732, 81, 6
2261, 1367, 16, 10
2262, 736, 88, 5
2263, 1001, 1, 9
2264, 863, 7, 1
2265, 1079, 52, 6
2266, 1190, 4, 4
2267, 859, 62, 2
2268, 615, 3, 7
2269, 395, 87, 1
2270, 1463, 74, 3
2271, 1632, 58, 3
2272, 1945, 51, 8
2273, 615, 12, 5
2274, 138, 10, 4
2275, 1138, 64, 4
2276, 1138, 79, 1
2277, 133, 6, 4
2278, 239, 67, 8
2279, 244, 5, 3
2280, 502, 3, 8
2281, 851, 98, 2
2282, 288, 18, 9
2283, 1299, 94, 7
2284, 39, 87, 3
2285, 362, 87, 5
2286, 1221, 85, 5
2287, 795, 52, 8
2288, 153, 96, 6
2289, 1824, 55, 7
2290, 1263, 63, 4
2291, 606, 35, 2
2292,1453,63,2
2293, 1914, 43, 3
2294, 1726, 25, 2
2295, 1967, 94, 4
2296, 93, 83, 9
2297, 616, 15, 1
2298, 1087, 52, 8
2299, 103, 74, 9
2300, 1515, 13, 3
2301, 1947, 54, 9
2302, 1285, 57, 8
2303, 1720, 55, 9
2304,  1908,  72,  1
2305, 1595, 45, 7
2306, 221, 22, 7
2307, 606, 97, 2
2308, 1930, 51, 6
2309, 1721, 85, 5
2310, 1684, 36, 6
2311, 1447, 29, 10
2312, 780, 8, 9
2313, 1451, 35, 6
2314, 567, 73, 9
2315, 1370, 79, 7
2316, 158, 94, 7
2317, 1796, 77, 4
2318, 981, 7, 6
2319, 1175, 39, 7
2320, 1117, 40, 6
2321, 1534, 89, 5
2322, 1519, 90, 2
2323, 1086, 48, 9
2324, 288, 41, 1
2325, 1207, 95, 3
2326, 116, 5, 9
2327, 203, 54, 9
2328, 169, 63, 3
2329, 570, 24, 6
2330, 749, 15, 3
2331, 1821, 89, 2
2332, 1608, 48, 3
2333, 1004, 39, 9
2334, 1590, 71, 9
2335, 557, 61, 7
2336, 1694, 41, 7
2337, 709, 27, 10
2338, 1754, 32, 1
2339, 1891, 28, 6
2340, 840, 59, 10
2341, 674, 29, 5
2342, 1147, 8, 7
2343, 1235, 72, 10
2344, 1366, 96, 10
2345, 147, 31, 9
2346, 1991, 98, 5
2347, 995, 76, 3
2348, 196, 60, 9
2349, 1307, 48, 9
2350, 505, 38, 3
2351, 452, 41, 9
2352, 1802, 31, 5
2353, 1519, 16, 8
2354, 5, 8, 1
2355, 1758, 76, 6
2356, 617, 37, 3
2357, 295, 26, 1
2358, 1780, 85, 4
2359, 430, 59, 2
2360, 747, 26, 4
2361, 1206, 70, 3
2362, 1547, 74, 10
2363, 1662, 5, 9
2364, 1651, 1, 9
2365, 469, 74, 8
2366, 1795, 80, 2
2367, 1153, 98, 3
2368, 1246, 13, 4
2369, 1040, 5, 3
2370, 1892, 98, 1
2371, 1518, 79, 4
2372, 796, 24, 7
2373, 212, 15, 7
2374, 601, 69, 9
2375, 1700, 93, 7
2376, 1342, 25, 5
2377, 1587, 72, 3
2378, 886, 32, 8
2379, 200, 55, 8
2380, 1945, 55, 9
2381, 1541, 60, 7
2382, 1530, 9, 3
2383, 1435, 82, 7
2384, 1883, 93, 9
2385, 1640, 85, 6
2386, 604, 31, 3
2387, 1511, 70, 8
2388, 1532, 74, 3
2389, 1015, 84, 9
2390, 7, 46, 8
2391, 1102, 78, 7
2392, 345, 51, 1
2393, 1366, 92, 4
2394, 714, 37, 3
2395, 368, 91, 1
2396, 1596, 19, 9
2397, 1957, 15, 8
2398, 1185, 17, 8
2399, 326, 94, 9
2400, 470, 19, 4
2401, 1992, 64, 5
2402, 78, 85, 8
2403, 905, 68, 2
2404, 1437, 11, 1
2405, 735, 64, 7
2406, 1324, 44, 3
2407, 803, 1, 9
2408, 1739, 89, 4
2409, 213, 2, 4
2410, 1225, 59, 5
2411, 1668, 74, 6
2412, 1187, 80, 6
2413, 459, 36, 8
2414, 1178, 38, 4
2415, 887, 50, 6
2416, 1022, 37, 7
2417, 1059, 49, 3
2418, 293, 100, 4
2419,  1612,  54,  3
2420, 1233, 78, 8
2421, 1542, 90, 8
2422, 1827, 100, 1
2423, 493, 30, 1
2424, 608, 28, 5
2425, 1326, 49, 6
2426, 137, 53, 4
2427, 627, 90, 6
2428, 197, 38, 9
2429, 1354, 63, 6
2430, 533, 55, 10
2431, 137, 79, 8
2432, 1749, 69, 4
2433, 510, 65, 1
2434, 1826, 25, 3
2435, 553, 41, 8
2436, 1376, 52, 4
2437, 1266, 58, 3
2438, 902, 86, 3
2439, 1932, 7, 9
2440, 296, 65, 6
2441, 524, 71, 8
2442, 133, 43, 1
2443, 729, 99, 5
2444, 1419, 18, 3
2445, 1430, 54, 5
2446, 187, 91, 1
2447, 1274, 41, 3
2448, 1406, 38, 6
2449, 1985, 74, 6
2450, 940, 53, 6
2451, 1885, 43, 5
2452, 1663, 20, 7
2453, 1676, 27, 9
2454, 1769, 72, 10
2455, 69, 24, 4
2456, 338, 41, 10
2457, 278, 69, 8
2458, 77, 94, 8
2459, 1343, 78, 1
2460, 1577, 66, 5
2461, 1047, 79, 2
2462, 1782, 34, 2
2463, 1508, 35, 7
2464, 1199, 99, 8
2465, 1164, 93, 9
2466, 838, 79, 9
2467, 741, 65, 2
2468, 431, 65, 6
2469, 1508, 17, 10
2470, 1730, 22, 7
2471, 1998, 76, 5
2472, 372, 21, 7
2473, 393, 54, 8
2474, 28, 9, 4
2475, 1731, 34, 9
2476, 878, 88, 7
2477, 1656, 41, 6
2478, 314, 18, 7
2479, 1388, 69, 10
2480, 1, 97, 1
2481, 1335, 31, 5
2482, 1771, 91, 5
2483, 1833, 91, 9
2484, 1469, 18, 5
2485, 1716, 1, 7
2486, 1080, 89, 8
2487, 1380, 26, 4
2488, 421, 74, 4
2489, 1668, 45, 3
2490, 1068, 4, 3
2491, 1501, 62, 10
2492, 881, 46, 2
2493, 108, 78, 3
2494, 296, 80, 5
2495, 337, 44, 9
2496, 1804, 91, 10
2497, 1069, 73, 6
2498, 928, 72, 6
2499, 211, 53, 9
2500, 210, 97, 8
2501, 1775, 28, 8
2502, 92, 24, 1
2503, 1875, 28, 1
2504, 77, 82, 7
2505, 104, 80, 3
2506, 68, 23, 4
2507, 1872, 51, 10
2508, 971, 17, 5
2509, 1396, 99, 6
2510, 309, 39, 10
2511, 1842, 55, 10
2512, 1648, 100, 5
2513, 1844, 2, 3
2514, 1761, 4, 7
2515, 1733, 75, 5
2516, 219, 20, 1
2517, 720, 85, 8
2518, 1647, 10, 7
2519, 592, 86, 1
2520, 156, 91, 9
2521, 1915, 16, 10
2522, 870, 36, 6
2523, 1866, 71, 4
2524, 1161, 82, 1
2525, 849, 80, 2
2526, 559, 75, 3
2527, 1095, 40, 1
2528, 1394, 44, 4
2529, 1994, 39, 4
2530,1668,3,10
2531, 155, 60, 9
2532, 1616, 11, 1
2533, 825, 59, 2
2534, 1163, 75, 4
2535,1877,69,9
2536, 511, 97, 8
2537, 290, 3, 2
2538, 1586, 32, 7
2539, 184, 51, 3
2540, 1345, 39, 9
2541, 1659, 55, 4
2542, 654, 43, 4
2543, 394, 60, 6
2544, 325, 32, 7
2545, 1888, 50, 9
2546, 859, 98, 10
2547, 1339, 17, 1
2548, 1161, 96, 6
2549, 1729, 78, 9
2550, 27, 21, 2
2551, 1749, 61, 1
2552, 1571, 18, 9
2553, 1343, 7, 1
2554, 1514, 79, 2
2555,1965,34,6
2556, 1357, 10, 4
2557, 1098, 62, 4
2558, 1228, 85, 8
2559, 1820, 60, 5
2560, 1482, 88, 4
2561, 1727, 58, 6
2562, 669, 85, 7
2563, 1423, 92, 8
2564, 906, 31, 1
2565, 89, 76, 3
2566, 1393, 7, 8
2567, 837, 32, 8
2568, 693, 41, 3
2569, 1843, 78, 9
2570, 86, 71, 8
2571, 1408, 88, 2
2572, 1339, 47, 6
2573,1451,98,7
2574, 548, 8, 6
2575, 671, 20, 10
2576, 350, 81, 7
2577, 724, 77, 10
2578, 424, 46, 6
2579, 1021, 5, 8
2580, 1165, 10, 10
2581, 1584, 70, 5
2582, 1180, 36, 6
2583, 1827, 92, 8
2584, 1781, 38, 6
2585,809,16,10
2586, 67, 18, 6
2587, 1043, 70, 10
2588, 61, 74, 10
2589, 1787, 42, 6
2590, 497, 39, 6
2591, 277, 35, 1
2592, 420, 22, 6
2593, 874, 26, 6
2594, 661, 78, 4
2595, 855, 46, 7
2596, 1901, 50, 3
2597,  976,  16,  10
2598, 943, 45, 2
2599, 977, 71, 8
2600, 965, 42, 2
2601, 1206, 79, 5
2602, 813, 91, 9
2603, 826, 47, 6
2604, 784, 54, 5
2605, 1680, 40, 2
2606, 1107, 62, 9
2607, 40, 72, 4
2608, 722, 13, 10
2609, 1583, 32, 6
2610, 1740, 88, 3
2611, 450, 86, 6
2612, 10, 80, 3
2613, 1205, 10, 6
2614, 1471, 87, 3
2615, 818, 62, 1
2616, 767, 7, 8
2617, 520, 86, 9
2618, 548, 63, 9
2619, 945, 79, 3
2620, 602, 4, 2
2621, 67, 21, 7
2622, 1884, 96, 6
2623, 786, 87, 2
2624, 1651, 36, 2
2625, 1603, 97, 10
2626, 268, 79, 3
2627, 1434, 53, 2
2628, 1578, 98, 5
2629, 1606, 98, 6
2630, 838, 62, 8
2631, 1572, 37, 5
2632, 942, 61, 5
2633, 950, 76, 6
2634, 12, 53, 3
2635, 1422, 47, 1
2636, 15, 52, 4
2637, 688, 19, 1
2638, 159, 14, 3
2639, 910, 6, 8
2640, 1150, 63, 7
2641, 1991, 10, 10
2642, 1138, 84, 5
2643, 1684, 93, 8
2644, 1566, 35, 4
2645, 1376, 75, 1
2646, 991, 96, 9
2647, 715, 67, 9
2648, 988, 38, 3
2649,145,32,5
2650, 719, 21, 1
2651, 644, 97, 4
2652, 1569, 22, 6
2653, 743, 75, 4
2654, 1095, 32, 3
2655, 274, 88, 2
2656, 1309, 81, 3
2657, 1317, 32, 5
2658, 746, 100, 5
2659, 818, 53, 1
2660, 1998, 37, 3
2661, 609, 5, 10
2662, 290, 35, 4
2663, 312, 49, 7
2664, 1580, 29, 4
2665, 734, 97, 5
2666, 855, 11, 1
2667, 229, 37, 10
2668, 226, 71, 5
2669, 1498, 95, 2
2670, 383, 94, 3
2671, 1331, 77, 2
2672, 1230, 25, 9
2673, 550, 9, 1
2674, 438, 9, 6
2675, 1275, 40, 3
2676, 1311, 96, 6
2677, 160, 49, 8
2678, 1595, 67, 10
2679, 65, 41, 6
2680, 426, 33, 10
2681, 1259, 10, 10
2682, 1512, 35, 1
2683, 247, 36, 1
2684, 566, 67, 5
2685, 1440, 9, 8
2686, 1434, 10, 10
2687, 1266, 7, 5
2688, 423, 2, 2
2689, 1168, 67, 3
2690, 1194, 81, 4
2691, 1199, 50, 3
2692, 1361, 7, 6
2693, 1440, 90, 5
2694, 1707, 83, 7
2695, 1378, 11, 1
2696, 267, 80, 2
2697, 1552, 6, 9
2698, 152, 33, 10
2699,1753,17,2
2700, 484, 66, 2
2701, 373, 29, 4
2702, 1438, 57, 5
2703, 1685, 91, 4
2704, 1800, 57, 5
2705, 1261, 7, 9
2706, 1443, 15, 6
2707,30,25,8
2708, 1507, 55, 2
2709,1003,38,4
2710, 1145, 64, 4
2711, 645, 100, 10
2712, 127, 25, 10
2713, 637, 78, 7
2714, 1109, 97, 3
2715, 280, 63, 8
2716, 1215, 100, 7
2717, 1613, 62, 9
2718, 1100, 53, 7
2719, 1189, 56, 2
2720, 1270, 32, 3
2721, 356, 68, 8
2722, 1841, 43, 4
2723, 1276, 97, 5
2724, 730, 52, 3
2725, 60, 95, 2
2726, 1879, 54, 2
2727, 367, 62, 3
2728, 1778, 27, 1
2729, 962, 52, 3
2730, 170, 43, 10
2731, 1007, 85, 2
2732, 1687, 34, 4
2733, 252, 80, 9
2734, 941, 23, 2
2735, 1578, 56, 4
2736, 1148, 9, 1
2737, 203, 90, 2
2738, 1108, 20, 5
2739, 700, 7, 10
2740, 1345, 26, 5
2741, 1240, 56, 9
2742, 879, 32, 1
2743, 822, 45, 3
2744, 1731, 84, 10
2745, 10, 99, 9
2746, 46, 35, 10
2747, 1204, 42, 1
2748, 928, 53, 9
2749, 771, 47, 9
2750, 55, 39, 9
2751, 496, 50, 2
2752, 1797, 20, 10
2753, 1959, 25, 7
2754, 866, 15, 7
2755, 1855, 50, 5
2756,1757,13,6
2757, 787, 34, 3
2758, 1928, 61, 4
2759, 54, 53, 2
2760, 884, 58, 10
2761, 845, 97, 2
2762, 273, 90, 10
2763, 1484, 12, 10
2764, 122, 74, 1
2765, 5, 18, 9
2766, 153, 55, 3
2767, 381, 7, 2
2768, 1518, 13, 4
2769, 1347, 3, 4
2770, 1751, 31, 6
2771, 859, 2, 7
2772, 1981, 28, 9
2773, 1349, 62, 4
2774, 1855, 100, 2
2775, 1932, 43, 8
2776, 1839, 22, 3
2777, 1579, 4, 4
2778, 51, 66, 7
2779, 132, 83, 7
2780, 1137, 7, 8
2781, 704, 9, 1
2782, 1105, 35, 5
2783, 1904, 4, 2
2784, 1345, 40, 8
2785, 1295, 6, 2
2786, 1485, 67, 1
2787, 1253, 51, 4
2788, 806, 94, 9
2789, 1756, 83, 10
2790, 77, 75, 2
2791, 1515, 30, 10
2792, 189, 92, 2
2793, 433, 32, 9
2794, 1384, 49, 8
2795, 1392, 37, 5
2796, 192, 38, 1
2797,1639,17,6
2798, 291, 40, 1
2799, 1927, 82, 2
2800, 36, 90, 4
2801, 1441, 2, 4
2802, 731, 70, 3
2803, 216, 34, 1
2804, 892, 53, 4
2805, 1274, 48, 5
2806, 1286, 23, 5
2807, 1455, 8, 10
2808,958,97,6
2809, 1304, 70, 7
2810, 1031, 67, 1
2811, 878, 41, 8
2812, 852, 89, 2
2813, 401, 71, 5
2814, 1058, 80, 9
2815, 962, 13, 8
2816, 1070, 63, 7
2817,  273,  98,  6
2818, 450, 62, 1
2819, 956, 28, 8
2820,  1619,  2,  8
2821, 218, 74, 6
2822, 1025, 6, 3
2823, 153, 21, 6
2824, 1663, 55, 8
2825, 770, 2, 3
2826, 747, 83, 4
2827, 436, 31, 2
2828, 736, 85, 7
2829, 171, 99, 4
2830, 1776, 14, 2
2831, 1041, 76, 7
2832, 1522, 43, 1
2833, 274, 24, 4
2834, 862, 64, 8
2835, 1322, 78, 9
2836, 660, 82, 2
2837, 587, 22, 2
2838, 286, 99, 1
2839,1116,1,6
2840, 1794, 80, 8
2841, 434, 3, 1
2842, 1401, 15, 4
2843, 33, 3, 10
2844, 596, 4, 10
2845, 938, 1, 7
2846, 961, 97, 4
2847, 957, 25, 1
2848, 1914, 43, 7
2849, 1141, 26, 7
2850, 1974, 77, 8
2851, 628, 9, 1
2852, 507, 66, 1
2853, 1891, 98, 6
2854, 1286, 97, 10
2855, 636, 59, 10
2856, 1227, 98, 5
2857, 961, 62, 7
2858, 1725, 31, 10
2859, 943, 18, 7
2860,  1400,  16,  7
2861, 950, 18, 10
2862, 1668, 74, 4
2863, 1364, 6, 3
2864,523,42,4
2865, 1522, 95, 4
2866, 1212, 5, 8
2867, 1464, 49, 1
2868, 1628, 50, 1
2869, 670, 29, 8
2870, 829, 75, 2
2871, 1951, 1, 6
2872, 994, 77, 9
2873, 231, 96, 1
2874, 797, 23, 1
2875, 1852, 92, 10
2876, 1009, 9, 8
2877, 186, 28, 2
2878, 151, 23, 5
2879, 1841, 28, 1
2880, 981, 51, 9
2881,1350,7,7
2882, 690, 20, 4
2883, 927, 59, 4
2884, 1926, 5, 3
2885, 1862, 70, 4
2886, 992, 25, 5
2887, 494, 77, 4
2888, 927, 78, 1
2889, 797, 83, 7
2890, 585, 51, 6
2891, 909, 10, 9
2892, 1594, 81, 8
2893, 170, 52, 5
2894, 704, 81, 5
2895, 1292, 39, 9
2896, 442, 33, 9
2897, 773, 68, 9
2898, 1458, 55, 4
2899, 675, 79, 10
2900, 1745, 32, 3
2901, 857, 13, 4
2902, 1078, 19, 8
2903, 54, 47, 6
2904, 159, 71, 10
2905, 1136, 35, 1
2906, 1105, 9, 10
2907, 1383, 15, 8
2908, 1439, 50, 3
2909, 683, 33, 3
2910, 1174, 42, 9
2911, 1606, 77, 6
2912, 753, 16, 9
2913, 946, 71, 3
2914, 1075, 62, 6
2915, 379, 25, 9
2916, 540, 53, 6
2917, 716, 82, 5
2918, 1350, 61, 6
2919, 1307, 9, 6
2920, 1856, 60, 2
2921,  1355,  39,  4
2922, 364, 7, 10
2923, 291, 45, 2
2924, 1758, 57, 10
2925,  671,  69,  7
2926, 1999, 55, 1
2927, 1774, 29, 4
2928, 1682, 73, 5
2929, 417, 89, 9
2930, 1881, 91, 3
2931, 78, 18, 4
2932, 1715, 39, 7
2933, 424, 100, 8
2934, 1698, 7, 9
2935, 730, 38, 9
2936, 1838, 10, 4
2937, 1444, 10, 9
2938, 1502, 68, 8
2939, 1889, 60, 4
2940, 1586, 96, 7
2941, 706, 20, 10
2942, 713, 85, 4
2943, 820, 3, 3
2944, 1671, 17, 4
2945, 388, 58, 9
2946,  997,  17,  1
2947, 1665, 45, 1
2948, 1284, 70, 5
2949, 1492, 8, 4
2950, 1763, 29, 7
2951, 1726, 2, 5
2952, 866, 69, 8
2953, 1200, 91, 6
2954, 316, 72, 9
2955, 1773, 90, 5
2956, 39, 62, 7
2957, 418, 61, 7
2958, 1598, 59, 5
2959, 725, 68, 9
2960, 972, 58, 7
2961, 417, 27, 8
2962, 389, 84, 5
2963, 1765, 39, 2
2964, 1458, 24, 7
2965, 1711, 69, 4
2966, 1376, 37, 8
2967, 1677, 32, 2
2968, 6, 50, 3
2969, 1144, 10, 1
2970, 1140, 6, 7
2971, 873, 50, 4
2972, 1588, 56, 2
2973, 1962, 45, 8
2974, 553, 21, 6
2975, 661, 61, 6
2976, 1294, 51, 3
2977, 233, 59, 10
2978, 995, 38, 8
2979, 263, 49, 8
2980, 1839, 78, 7
2981, 283, 41, 1
2982, 561, 91, 2
2983, 1167, 26, 5
2984, 1955, 6, 6
2985, 1958, 54, 9
2986, 1033, 64, 5
2987,  97,  48,  1
2988, 1307, 9, 9
2989,511,83,2
2990, 106, 53, 2
2991, 602, 76, 5
2992, 750, 67, 5
2993, 1836, 64, 2
2994, 444, 68, 6
2995, 1371, 12, 8
2996, 1968, 10, 3
2997, 219, 12, 9
2998, 76, 14, 2
2999, 1641, 46, 5
3000,638,9,4
3001, 538, 65, 7
3002, 586, 20, 2
3003, 1901, 4, 2
3004, 1885, 11, 7
3005, 359, 69, 9
3006, 84, 58, 7
3007, 238, 16, 2
3008, 833, 69, 2
3009, 509, 80, 5
3010, 1966, 53, 7
3011, 553, 77, 1
3012, 1915, 90, 4
3013,  108,  50,  7
3014, 526, 16, 2
3015,698,15,2
3016, 1851, 35, 9
3017, 64, 95, 10
3018, 336, 65, 3
3019, 1616, 82, 7
3020, 675, 44, 1
3021, 1429, 27, 6
3022, 102, 34, 6
3023, 1775, 20, 6
3024, 205, 19, 5
3025, 1975, 7, 7
3026, 179, 54, 6
3027,  112,  54,  5
3028, 1148, 29, 3
3029, 914, 73, 7
3030, 1683, 30, 9
3031, 1351, 98, 4
3032,  1571,  41,  7
3033, 237, 85, 9
3034, 1977, 76, 5
3035,687,85,4
3036, 1293, 68, 8
3037, 836, 94, 8
3038, 466, 71, 2
3039, 728, 75, 5
3040, 1956, 10, 1
3041, 594, 38, 4
3042, 742, 85, 5
3043, 1996, 25, 5
3044, 1412, 3, 6
3045, 774, 68, 5
3046, 792, 94, 6
3047, 1376, 32, 10
3048, 1744, 49, 6
3049, 1645, 47, 7
3050, 934, 54, 7
3051, 423, 75, 1
3052,917,15,1
3053, 964, 76, 4
3054, 1993, 77, 1
3055, 311, 66, 2
3056, 1065, 51, 2
3057, 1140, 64, 10
3058, 116, 6, 7
3059, 13, 44, 3
3060, 948, 85, 3
3061, 1677, 70, 8
3062, 1912, 54, 3
3063, 395, 3, 4
3064, 887, 67, 9
3065, 90, 98, 7
3066,1979,14,10
3067, 833, 36, 8
3068, 1554, 64, 5
3069, 1588, 16, 3
3070, 361, 52, 2
3071, 137, 66, 8
3072, 1545, 30, 4
3073, 1867, 92, 7
3074, 1591, 77, 9
3075, 1026, 28, 4
3076, 112, 51, 9
3077, 1963, 82, 6
3078, 1073, 78, 1
3079, 1318, 77, 10
3080, 849, 41, 6
3081, 1727, 42, 8
3082, 1879, 52, 1
3083, 1198, 81, 10
3084, 1626, 70, 4
3085, 1865, 27, 5
3086, 462, 52, 1
3087, 929, 73, 10
3088, 1940, 52, 10
3089, 1211, 81, 2
3090, 761, 93, 7
3091, 389, 33, 6
3092, 419, 90, 1
3093, 1047, 8, 9
3094, 1298, 43, 2
3095, 714, 5, 2
3096, 1222, 22, 4
3097, 699, 27, 7
3098, 397, 50, 5
3099, 1705, 11, 1
3100, 1873, 37, 4
3101, 280, 96, 5
3102, 453, 28, 9
3103, 664, 35, 5
3104, 1664, 63, 9
3105, 4, 76, 5
3106, 1950, 36, 4
3107, 311, 16, 8
3108, 839, 49, 8
3109, 175, 73, 1
3110, 1050, 48, 1
3111, 721, 20, 7
3112, 1562, 38, 3
3113, 1893, 10, 8
3114, 1218, 62, 10
3115, 1237, 66, 6
3116, 1373, 58, 10
3117, 891, 57, 6
3118, 1305, 81, 2
3119, 1183, 71, 5
3120, 1283, 71, 3
3121, 783, 8, 10
3122, 871, 56, 6
3123, 966, 89, 5
3124, 891, 52, 5
3125, 573, 20, 10
3126, 1223, 85, 7
3127, 680, 14, 7
3128, 191, 2, 10
3129, 1174, 25, 6
3130, 1348, 68, 5
3131, 1958, 52, 3
3132, 1369, 75, 2
3133,574,22,8
3134, 1319, 65, 6
3135, 1724, 44, 7
3136, 1906, 28, 3
3137, 850, 18, 8
3138, 650, 4, 6
3139, 1301, 3, 3
3140, 1525, 4, 9
3141, 104, 23, 1
3142, 814, 11, 1
3143, 687, 72, 2
3144, 1805, 21, 7
3145, 1564, 42, 2
3146, 1983, 4, 8
3147, 1646, 4, 4
3148, 228, 29, 5
3149, 551, 52, 5
3150, 437, 47, 8
3151, 341, 89, 10
3152, 865, 78, 5
3153, 1197, 100, 6
3154, 1889, 52, 10
3155, 1744, 24, 3
3156, 580, 30, 4
3157,1078,25,6
3158, 1701, 59, 2
3159, 1077, 83, 7
3160, 676, 85, 4
3161, 807, 22, 9
3162, 1318, 68, 4
3163, 9, 13, 3
3164, 477, 100, 7
3165, 1599, 59, 5
3166, 1077, 46, 9
3167, 1828, 98, 10
3168, 1799, 22, 8
3169, 968, 58, 2
3170, 321, 60, 1
3171, 74, 64, 1
3172, 1753, 34, 2
3173, 1858, 42, 8
3174, 763, 50, 1
3175, 521, 69, 8
3176, 471, 54, 9
3177, 1596, 68, 2
3178, 1387, 43, 3
3179, 273, 4, 10
3180, 1620, 31, 5
3181, 1432, 29, 6
3182, 581, 60, 8
3183, 1936, 3, 7
3184, 158, 66, 2
3185, 1722, 50, 4
3186, 263, 89, 1
3187, 1309, 59, 5
3188, 1324, 3, 10
3189, 1128, 83, 5
3190, 996, 71, 9
3191, 1187, 10, 5
3192, 129, 59, 2
3193, 330, 84, 5
3194, 711, 86, 3
3195, 1335, 90, 4
3196, 1890, 51, 6
3197, 877, 71, 6
3198, 1283, 65, 3
3199, 1521, 8, 9
3200, 725, 97, 4
3201, 27, 95, 4
3202, 1880, 98, 8
3203, 888, 48, 3
3204, 739, 19, 9
3205, 427, 43, 8
3206, 1179, 15, 6
3207, 1323, 37, 7
3208, 1469, 79, 8
3209, 1269, 54, 10
3210, 1064, 19, 9
3211, 113, 22, 2
3212, 1496, 56, 4
3213, 657, 64, 1
3214, 1102, 13, 3
3215, 989, 78, 7
3216, 1777, 18, 6
3217, 468, 24, 7
3218, 1871, 92, 5
3219,  37,  56,  8
3220, 1396, 43, 8
3221, 207, 87, 2
3222, 1089, 37, 2
3223, 409, 48, 6
3224, 1886, 70, 9
3225, 1377, 4, 9
3226, 1053, 90, 3
3227, 331, 2, 2
3228, 531, 83, 9
3229, 1449, 32, 8
3230, 1438, 13, 1
3231, 176, 15, 9
3232, 1384, 74, 10
3233, 755, 70, 5
3234, 1975, 63, 2
3235,  1755,  1,  1
3236, 1992, 36, 8
3237, 69, 7, 10
3238, 1255, 47, 2
3239, 544, 12, 2
3240, 447, 18, 7
3241, 1402, 65, 2
3242, 582, 2, 2
3243, 1909, 47, 5
3244, 52, 100, 7
3245, 507, 75, 5
3246, 1159, 69, 5
3247, 1816, 19, 7
3248, 1006, 84, 2
3249, 1962, 46, 2
3250, 1170, 4, 10
3251, 831, 64, 9
3252, 353, 3, 4
3253, 436, 85, 1
3254, 1274, 61, 10
3255, 225, 61, 8
3256, 1216, 52, 6
3257, 586, 69, 5
3258, 504, 9, 3
3259, 38, 91, 5
3260, 1702, 16, 8
3261, 911, 48, 4
3262, 1684, 8, 9
3263, 29, 75, 9
3264, 618, 59, 6
3265, 437, 56, 3
3266, 498, 97, 4
3267, 100, 70, 8
3268, 1585, 3, 8
3269, 969, 48, 5
3270, 1644, 15, 9
3271, 315, 54, 8
3272, 1552, 84, 8
3273, 171, 13, 1
3274, 807, 95, 1
3275, 830, 47, 8
3276, 1154, 40, 9
3277, 1180, 95, 9
3278, 184, 8, 2
3279, 1693, 50, 3
3280, 967, 64, 6
3281, 259, 46, 4
3282, 138, 18, 3
3283, 693, 1, 6
3284, 1198, 16, 2
3285,1832,90,3
3286, 117, 93, 2
3287, 1036, 7, 9
3288, 404, 85, 1
3289, 12, 22, 9
3290, 610, 39, 3
3291, 1838, 78, 3
3292, 1272, 92, 7
3293, 430, 13, 8
3294, 825, 99, 10
3295, 247, 27, 10
3296,  1538,  97,  1
3297, 1151, 97, 10
3298, 1002, 9, 7
3299, 8, 40, 7
3300, 411, 96, 7
3301, 1285, 20, 1
3302, 734, 78, 3
3303, 199, 35, 9
3304, 294, 43, 7
3305, 707, 58, 6
3306, 1829, 23, 4
3307, 542, 57, 9
3308, 1660, 75, 4
3309, 1816, 49, 10
3310, 998, 52, 6
3311, 573, 41, 8
3312, 183, 17, 2
3313, 395, 17, 7
3314, 665, 66, 5
3315, 1427, 66, 7
3316, 1971, 78, 9
3317, 328, 71, 3
3318, 984, 78, 2
3319, 599, 90, 1
3320, 78, 76, 1
3321, 309, 68, 4
3322, 331, 59, 8
3323, 282, 35, 1
3324, 731, 95, 10
3325, 1219, 89, 1
3326,  1426,  62,  8
3327, 883, 57, 1
3328, 1882, 81, 4
3329, 1836, 18, 8
3330, 1380, 65, 9
3331, 1775, 18, 1
3332, 1119, 40, 9
3333, 843, 1, 9
3334, 372, 29, 7
3335, 238, 27, 7
3336, 1384, 24, 10
3337, 131, 57, 4
3338, 35, 42, 3
3339, 1115, 38, 1
3340, 195, 30, 8
3341, 1256, 51, 1
3342, 112, 24, 10
3343, 974, 2, 9
3344, 194, 42, 4
3345, 1625, 40, 5
3346, 538, 37, 9
3347, 1854, 17, 5
3348, 1638, 3, 10
3349, 1179, 83, 3
3350, 1296, 21, 7
3351, 750, 58, 8
3352, 697, 6, 5
3353, 227, 45, 9
3354,1547,69,8
3355, 892, 55, 7
3356, 1269, 76, 3
3357, 1300, 84, 10
3358, 873, 32, 7
3359, 141, 98, 6
3360, 1449, 24, 1
3361, 1688, 35, 8
3362, 1911, 44, 5
3363, 1195, 9, 5
3364,1000,4,6
3365, 1963, 32, 7
3366, 1971, 50, 6
3367, 11, 49, 8
3368, 1546, 15, 3
3369, 1684, 75, 7
3370, 191, 29, 8
3371, 537, 10, 7
3372, 25, 65, 6
3373, 728, 84, 5
3374, 1569, 17, 2
3375, 43, 3, 10
3376, 1337, 65, 9
3377, 1302, 66, 3
3378, 1123, 91, 9
3379,917,83,2
3380, 232, 26, 8
3381, 805, 23, 10
3382, 1529, 3, 5
3383, 874, 14, 8
3384, 909, 67, 8
3385, 1825, 54, 10
3386, 784, 2, 6
3387, 1232, 91, 1
3388, 1419, 61, 1
3389, 1197, 29, 4
3390, 93, 79, 5
3391, 1145, 83, 6
3392, 5, 72, 3
3393, 1997, 91, 3
3394,1472,78,1
3395, 1103, 19, 3
3396, 869, 67, 7
3397, 817, 11, 3
3398, 561, 23, 7
3399, 1471, 50, 10
3400, 111, 54, 4
3401, 1641, 70, 1
3402, 467, 18, 4
3403, 1983, 90, 3
3404, 1049, 36, 7
3405, 1783, 6, 5
3406, 1887, 64, 6
3407, 1948, 26, 3
3408, 893, 20, 6
3409, 1814, 31, 8
3410, 1320, 42, 4
3411, 756, 58, 4
3412, 310, 96, 1
3413, 683, 34, 10
3414, 1627, 55, 1
3415, 1385, 67, 8
3416, 1683, 44, 5
3417, 427, 16, 1
3418, 402, 9, 7
3419, 642, 72, 4
3420, 638, 68, 6
3421, 655, 46, 2
3422, 1059, 93, 7
3423, 1769, 46, 9
3424, 30, 37, 6
3425, 627, 60, 3
3426, 662, 23, 3
3427, 220, 56, 5
3428, 1613, 90, 8
3429, 342, 35, 7
3430, 1529, 49, 8
3431, 807, 66, 6
3432, 579, 99, 2
3433, 1751, 12, 3
3434, 457, 83, 6
3435, 272, 1, 9
3436, 663, 1, 4
3437, 876, 35, 8
3438, 1852, 89, 10
3439, 264, 3, 10
3440, 1777, 51, 1
3441, 1392, 72, 1
3442, 1171, 97, 6
3443, 1597, 28, 4
3444, 519, 3, 7
3445, 7, 44, 7
3446, 1916, 41, 10
3447, 1799, 57, 4
3448, 470, 24, 4
3449, 760, 39, 3
3450, 1309, 31, 8
3451, 603, 86, 7
3452, 779, 38, 4
3453, 466, 25, 4
3454, 1314, 57, 5
3455, 440, 55, 3
3456, 213, 2, 3
3457, 212, 44, 9
3458, 487, 56, 6
3459, 1391, 31, 7
3460, 1982, 76, 3
3461, 407, 52, 9
3462, 357, 96, 4
3463, 643, 66, 8
3464, 40, 13, 3
3465, 221, 37, 4
3466, 157, 12, 8
3467, 347, 36, 3
3468, 1759, 1, 3
3469, 922, 24, 6
3470, 1526, 19, 10
3471, 4, 18, 4
3472, 234, 94, 2
3473, 1019, 85, 1
3474, 1226, 11, 4
3475, 148, 48, 4
3476, 832, 73, 8
3477, 1772, 56, 1
3478, 611, 35, 1
3479, 349, 42, 9
3480, 795, 84, 10
3481, 1060, 84, 5
3482, 1169, 52, 3
3483, 1169, 62, 4
3484, 1131, 19, 5
3485, 100, 12, 1
3486, 1177, 38, 4
3487, 1200, 1, 8
3488, 1357, 93, 1
3489, 1810, 12, 5
3490, 452, 32, 4
3491, 262, 71, 4
3492, 1212, 93, 4
3493, 1131, 10, 4
3494, 1196, 31, 2
3495, 1912, 49, 9
3496, 1551, 6, 9
3497, 1809, 44, 4
3498, 1520, 22, 9
3499, 911, 33, 5
3500, 1482, 1, 6
3501, 1931, 94, 7
3502,  543,  4,  2
3503, 1046, 42, 3
3504, 1009, 60, 6
3505, 439, 97, 8
3506, 973, 56, 9
3507, 941, 81, 1
3508, 1208, 26, 5
3509, 720, 52, 8
3510, 1280, 65, 4
3511, 593, 76, 8
3512, 1526, 81, 2
3513, 190, 46, 10
3514, 1501, 94, 9
3515, 1220, 31, 6
3516, 1642, 9, 2
3517, 993, 98, 8
3518, 320, 17, 7
3519, 792, 90, 10
3520, 1513, 16, 7
3521, 595, 21, 9
3522, 235, 60, 1
3523, 624, 4, 7
3524, 669, 18, 5
3525, 1196, 100, 6
3526, 1742, 10, 6
3527, 371, 13, 5
3528, 1322, 94, 5
3529, 1148, 83, 3
3530, 788, 90, 2
3531, 1264, 61, 6
3532, 1470, 27, 8
3533, 1021, 82, 9
3534, 114, 86, 4
3535, 1174, 33, 8
3536, 652, 19, 10
3537, 1350, 71, 3
3538, 939, 75, 7
3539, 357, 28, 5
3540, 1366, 46, 1
3541, 882, 92, 6
3542, 1046, 98, 4
3543, 710, 4, 3
3544, 410, 67, 8
3545, 1053, 95, 4
3546, 1148, 74, 10
3547, 933, 50, 7
3548, 1806, 29, 9
3549, 1493, 84, 9
3550, 1904, 78, 6
3551, 442, 61, 10
3552,415,91,4
3553, 513, 52, 5
3554, 849, 29, 3
3555, 586, 69, 9
3556, 326, 26, 9
3557, 1748, 37, 4
3558, 172, 11, 10
3559, 808, 31, 1
3560, 331, 67, 4
3561, 1352, 99, 10
3562, 68, 96, 8
3563, 134, 3, 10
3564, 1375, 81, 10
3565, 1273, 40, 8
3566, 77, 20, 9
3567, 591, 72, 4
3568, 1665, 53, 4
3569, 1786, 18, 2
3570, 303, 2, 6
3571, 1377, 29, 1
3572, 1356, 39, 4
3573, 1135, 29, 3
3574, 963, 72, 2
3575, 382, 19, 10
3576, 573, 3, 9
3577, 83, 39, 6
3578, 986, 13, 10
3579, 1768, 25, 7
3580,  18,  79,  6
3581, 1476, 64, 6
3582,  344,  12,  2
3583, 959, 71, 1
3584, 97, 59, 3
3585, 1737, 71, 6
3586, 243, 97, 1
3587, 1264, 22, 7
3588, 1286, 35, 7
3589, 58, 82, 7
3590, 655, 10, 9
3591, 1607, 88, 7
3592, 1811, 19, 1
3593, 1530, 40, 7
3594, 701, 32, 8
3595, 1363, 67, 4
3596, 486, 65, 5
3597, 1687, 78, 8
3598, 1187, 95, 7
3599, 1073, 58, 8
3600, 1025, 92, 2
3601, 1738, 1, 5
3602, 1917, 32, 10
3603, 712, 81, 10
3604, 416, 20, 9
3605, 1055, 38, 7
3606,1743,99,4
3607, 1905, 84, 3
3608, 1709, 92, 9
3609,1028,93,10
3610, 714, 52, 6
3611, 256, 99, 10
3612, 189, 16, 2
3613, 1796, 18, 1
3614, 1734, 72, 4
3615, 1535, 26, 9
3616, 1949, 48, 6
3617, 1669, 50, 3
3618, 1301, 31, 5
3619, 126, 2, 3
3620, 356, 100, 8
3621, 1432, 1, 7
3622, 576, 42, 3
3623, 617, 56, 3
3624, 392, 33, 2
3625, 1579, 43, 6
3626, 1025, 10, 6
3627, 1812, 6, 10
3628, 1014, 96, 7
3629, 819, 77, 4
3630, 1867, 29, 8
3631, 1703, 74, 5
3632, 441, 5, 4
3633,1756,89,10
3634,1480,71,7
3635, 764, 15, 4
3636, 1942, 47, 10
3637, 556, 2, 10
3638, 1712, 51, 5
3639, 1316, 91, 10
3640, 129, 9, 6
3641, 840, 58, 10
3642, 1859, 56, 5
3643, 1257, 55, 1
3644, 901, 60, 4
3645, 159, 54, 9
3646, 1892, 1, 10
3647, 1281, 32, 6
3648,  1465,  1,  6
3649, 147, 44, 5
3650, 1410, 21, 7
3651, 1247, 42, 6
3652, 1537, 59, 7
3653, 1953, 21, 6
3654, 322, 23, 4
3655, 385, 11, 2
3656, 1328, 89, 8
3657, 951, 95, 1
3658, 313, 30, 9
3659, 332, 1, 8
3660, 782, 79, 4
3661, 1102, 73, 1
3662, 169, 81, 1
3663, 310, 6, 3
3664, 168, 60, 2
3665, 1767, 28, 1
3666, 1917, 86, 3
3667, 2, 39, 8
3668, 371, 67, 4
3669, 329, 9, 7
3670, 1402, 77, 7
3671, 1199, 9, 4
3672, 1428, 90, 3
3673, 1434, 18, 6
3674,316,38,7
3675, 535, 20, 8
3676, 1392, 74, 4
3677, 789, 35, 3
3678, 612, 41, 3
3679, 916, 86, 4
3680, 984, 60, 5
3681, 90, 1, 9
3682, 1096, 29, 8
3683, 1119, 51, 5
3684, 906, 51, 10
3685, 455, 51, 4
3686, 1409, 87, 10
3687, 1701, 30, 2
3688, 705, 94, 7
3689, 751, 36, 7
3690, 1558, 18, 1
3691, 261, 98, 2
3692,1457,64,10
3693, 1940, 28, 2
3694,1901,20,1
3695, 611, 88, 10
3696, 1083, 70, 1
3697, 1393, 57, 5
3698, 1748, 98, 9
3699, 1344, 76, 9
3700, 757, 55, 7
3701, 1467, 30, 7
3702, 1207, 4, 1
3703, 684, 99, 8
3704, 126, 35, 4
3705, 1126, 29, 3
3706, 120, 1, 7
3707,  1604,  94,  5
3708, 1445, 80, 5
3709, 688, 90, 8
3710, 979, 68, 9
3711, 583, 59, 10
3712, 458, 57, 4
3713, 412, 78, 8
3714, 1454, 79, 9
3715, 385, 78, 6
3716, 181, 38, 10
3717, 619, 69, 6
3718, 323, 26, 5
3719, 771, 72, 2
3720, 1355, 6, 8
3721, 1847, 22, 7
3722, 131, 19, 1
3723, 1107, 78, 10
3724, 1302, 39, 1
3725, 527, 49, 10
3726, 1211, 77, 4
3727, 917, 23, 8
3728, 305, 32, 2
3729, 953, 94, 7
3730, 197, 46, 5
3731, 449, 32, 6
3732, 1019, 27, 9
3733, 1541, 98, 2
3734, 101, 89, 1
3735, 1085, 84, 5
3736, 427, 91, 6
3737, 1901, 39, 8
3738,  1260,  92,  4
3739, 571, 16, 5
3740, 266, 64, 7
3741, 507, 75, 7
3742, 930, 80, 10
3743, 90, 9, 5
3744, 860, 55, 5
3745, 1277, 70, 8
3746, 386, 70, 4
3747, 344, 52, 4
3748, 758, 76, 9
3749,234,98,8
3750, 95, 12, 9
3751, 1407, 59, 1
3752, 1229, 50, 6
3753, 1230, 24, 3
3754, 1208, 41, 9
3755, 225, 24, 10
3756, 1964, 71, 1
3757, 544, 53, 6
3758,1532,32,7
3759, 158, 76, 7
3760, 1452, 54, 6
3761, 451, 66, 2
3762, 1439, 97, 9
3763, 1404, 6, 4
3764, 1373, 93, 8
3765, 565, 11, 9
3766, 1728, 92, 5
3767, 260, 13, 8
3768, 118, 53, 8
3769, 1285, 50, 2
3770, 990, 68, 10
3771, 20, 36, 9
3772, 1344, 26, 9
3773, 663, 1, 9
3774, 1174, 71, 4
3775, 1415, 77, 8
3776, 597, 46, 5
3777, 191, 15, 4
3778, 1105, 74, 5
3779, 1290, 88, 6
3780, 2000, 61, 1
3781, 600, 64, 10
3782, 582, 12, 7
3783, 1244, 79, 9
3784, 1687, 54, 6
3785, 1745, 24, 10
3786, 1202, 15, 4
3787, 931, 17, 9
3788, 1831, 36, 1
3789, 1915, 79, 7
3790, 164, 86, 3
3791, 188, 68, 6
3792, 1121, 70, 1
3793, 804, 11, 3
3794, 36, 10, 4
3795, 581, 84, 1
3796, 262, 70, 9
3797, 1371, 34, 10
3798, 706, 6, 10
3799, 1149, 54, 7
3800, 808, 96, 5
3801,  1876,  87,  7
3802, 210, 26, 10
3803, 34, 100, 3
3804, 813, 100, 5
3805, 1476, 9, 4
3806, 677, 97, 5
3807, 1899, 51, 4
3808, 1643, 47, 6
3809, 1103, 68, 5
3810, 1560, 71, 9
3811, 717, 9, 7
3812, 1043, 51, 10
3813, 131, 37, 6
3814, 1371, 1, 3
3815, 1480, 72, 2
3816, 245, 55, 3
3817, 434, 48, 2
3818, 1308, 36, 6
3819, 1252, 80, 7
3820, 1868, 18, 1
3821, 976, 66, 4
3822,  175,  83,  9
3823, 98, 32, 8
3824, 1459, 32, 2
3825, 130, 62, 1
3826, 1251, 3, 9
3827, 1316, 8, 9
3828, 1382, 19, 1
3829, 426, 16, 4
3830, 1157, 12, 6
3831, 1764, 56, 5
3832, 447, 43, 7
3833, 212, 36, 10
3834, 477, 61, 5
3835, 1232, 5, 7
3836, 1032, 74, 7
3837, 1964, 65, 1
3838, 1883, 68, 5
3839, 196, 85, 10
3840, 895, 17, 1
3841, 836, 78, 4
3842, 1761, 17, 8
3843, 755, 46, 7
3844, 1235, 56, 5
3845, 1674, 39, 8
3846,345,37,5
3847, 308, 70, 8
3848, 879, 2, 7
3849, 652, 89, 10
3850, 999, 2, 2
3851, 1191, 57, 2
3852,998,58,7
3853, 1468, 36, 2
3854, 104, 70, 3
3855, 1674, 85, 3
3856, 19, 56, 2
3857, 1930, 39, 6
3858, 436, 35, 1
3859, 1495, 31, 4
3860, 1937, 87, 10
3861, 1888, 58, 7
3862, 1995, 64, 6
3863, 1249, 57, 6
3864, 1879, 37, 9
3865, 121, 34, 7
3866, 632, 57, 9
3867, 985, 32, 2
3868, 1283, 92, 10
3869, 968, 38, 1
3870, 1228, 46, 1
3871, 1596, 36, 5
3872, 1605, 22, 2
3873, 1779, 73, 6
3874, 885, 64, 9
3875, 467, 33, 10
3876, 1785, 48, 4
3877, 1706, 98, 4
3878, 1809, 20, 4
3879, 656, 60, 6
3880, 427, 35, 3
3881, 326, 24, 9
3882,  1697,  12,  7
3883,  438,  85,  7
3884, 570, 5, 1
3885, 1447, 44, 2
3886, 595, 1, 4
3887, 1674, 42, 9
3888, 1705, 53, 6
3889, 937, 59, 6
3890, 260, 50, 1
3891, 170, 38, 1
3892, 1045, 78, 3
3893, 1216, 46, 10
3894, 569, 22, 6
3895, 813, 39, 8
3896, 1989, 1, 4
3897, 1097, 1, 9
3898, 404, 6, 1
3899, 228, 16, 2
3900, 970, 81, 1
3901, 814, 21, 2
3902, 692, 67, 3
3903, 782, 37, 5
3904, 1412, 95, 6
3905, 1450, 74, 8
3906, 1716, 92, 2
3907, 1923, 96, 9
3908, 1583, 39, 2
3909, 466, 13, 6
3910, 307, 38, 9
3911, 1946, 62, 1
3912, 1758, 73, 7
3913, 476, 76, 2
3914, 1560, 45, 10
3915, 1150, 12, 5
3916, 269, 73, 10
3917, 780, 38, 10
3918,1353,56,10
3919, 1042, 79, 2
3920, 897, 55, 4
3921, 1527, 47, 7
3922, 855, 55, 6
3923, 1037, 70, 1
3924, 1245, 95, 6
3925, 293, 55, 6
3926, 1483, 28, 2
3927, 854, 6, 10
3928, 1738, 11, 2
3929, 1650, 84, 10
3930, 1357, 58, 4
3931, 1570, 29, 10
3932,  1559,  60,  7
3933, 278, 39, 9
3934, 204, 85, 8
3935, 1048, 50, 2
3936, 1883, 21, 9
3937, 1596, 35, 7
3938, 1841, 71, 8
3939, 973, 11, 2
3940, 1672, 23, 8
3941, 289, 25, 1
3942, 1506, 82, 9
3943, 755, 91, 1
3944, 312, 56, 5
3945, 355, 34, 10
3946, 1519, 32, 3
3947, 1602, 51, 10
3948, 1250, 35, 4
3949, 1135, 13, 3
3950, 264, 71, 9
3951, 1096, 53, 6
3952, 480, 11, 1
3953, 377, 34, 8
3954, 564, 74, 2
3955, 618, 66, 10
3956, 757, 32, 7
3957, 34, 1, 2
3958, 1338, 54, 3
3959, 590, 32, 10
3960, 1315, 53, 4
3961, 102, 73, 4
3962, 1181, 58, 3
3963, 534, 90, 2
3964, 1239, 37, 4
3965, 1230, 18, 5
3966, 1395, 71, 10
3967, 1924, 11, 6
3968, 980, 23, 3
3969, 1489, 7, 3
3970, 1849, 11, 1
3971, 1245, 59, 10
3972, 1490, 58, 5
3973, 1590, 92, 1
3974, 1064, 24, 1
3975, 569, 21, 4
3976, 1735, 59, 8
3977, 1344, 21, 2
3978,1615,20,8
3979, 1577, 89, 8
3980, 1389, 75, 6
3981, 708, 7, 9
3982, 787, 23, 9
3983, 1072, 55, 6
3984, 706, 23, 7
3985, 558, 25, 3
3986, 1578, 54, 8
3987, 82, 97, 5
3988, 802, 63, 9
3989, 1648, 48, 1
3990, 945, 96, 7
3991, 838, 31, 7
3992, 66, 36, 2
3993, 56, 28, 2
3994, 172, 42, 3
3995, 194, 60, 7
3996, 689, 84, 3
3997, 1575, 78, 1
3998,65,22,4
3999,1234,8,1
4000, 766, 88, 7
